              390000,  511,    0
              510000,  511,  127
              890000,  666,  255
             1010000,  666,  422
             1390000,  633,  588
             1510000,  633,  619
             1890000,  673,  649
             2010000,  673,  651
             2390000,  795,  653
             2510000,  795,  693
             2890000,  744,  734
             3010000,  744,  751
             3390000,  695,  769
             3510000,  695,  744
             3890000,  808,  719
             4010000,  808,  735
             4390000,  803,  751
             4510000,  803,  778
             4890000,  673,  805
             5010000,  673,  771
             5390000,  694,  738
             5510000,  694,  710
             5890000,  720,  683
             6010000,  720,  695
             6390000,  600,  707
             6510000,  600,  683
             6890000,  608,  660
             7010000,  608,  632
             7390000,  732,  604
             7510000,  732,  637
             7890000,  683,  670
             8010000,  683,  688
             8390000,  618,  707
             8510000,  618,  679
             8890000,  708,  650
             9010000,  708,  656
             9390000,  698,  663
             9510000,  698,  683
             9890000,  598,  703
            10010000,  598,  675
            10390000,  676,  648
            10510000,  676,  642
            10890000,  750,  637
            11010000,  750,  675
            11390000,  641,  713
            11510000,  641,  704
            11890000,  619,  695
            12010000,  619,  662
            12390000,  697,  630
            12510000,  697,  644
            12890000,  625,  658
            13010000,  625,  659
            13390000,  575,  661
            13510000,  575,  630
            13890000,  708,  600
            14010000,  708,  620
            14390000,  736,  641
            14510000,  736,  681
            14890000,  644,  722
            15010000,  644,  706
            15390000,  702,  690
            15510000,  702,  681
            15890000,  758,  673
            16010000,  758,  701
            16390000,  657,  730
            16510000,  657,  718
            16890000,  672,  707
            17010000,  672,  686
            17390000,  793,  664
            17510000,  793,  698
            17890000,  736,  732
            18010000,  736,  748
            18390000,  663,  764
            18510000,  663,  732
            18890000,  750,  699
            19010000,  750,  703
            19390000,  748,  706
            19510000,  748,  727
            19890000,  667,  749
            20010000,  667,  728
            20390000,  774,  707
            20510000,  774,  714
            20890000,  885,  720
            21010000,  885,  775
            21390000,  815,  829
            21510000,  815,  839
            21890000,  825,  850
            22010000,  825,  835
            22390000,  922,  820
            22510000,  922,  846
            22890000,  850,  873
            23010000,  850,  879
            23390000,  779,  886
            23510000,  779,  850
            23890000,  868,  814
            24010000,  868,  819
            24390000,  833,  823
            24510000,  833,  837
            24890000,  665,  850
            25010000,  665,  799
            25390000,  642,  749
            25510000,  642,  701
            25890000,  620,  653
            26010000,  620,  642
            26390000,  452,  631
            26510000,  452,  583
            26890000,  416,  536
            27010000,  416,  485
            27390000,  505,  434
            27510000,  505,  447
            27890000,  434,  460
            28010000,  434,  465
            28390000,  361,  469
            28510000,  361,  433
            28890000,  458,  397
            29010000,  458,  403
            29390000,  468,  409
            29510000,  468,  436
            29890000,  397,  463
            30010000,  397,  447
            30390000,  508,  432
            30510000,  508,  442
            30890000,  615,  452
            31010000,  615,  507
            31390000,  534,  561
            31510000,  534,  568
            31890000,  530,  574
            32010000,  530,  553
            32390000,  617,  532
            32510000,  617,  552
            32890000,  544,  573
            33010000,  544,  577
            33390000,  486,  580
            33510000,  486,  547
            33890000,  606,  515
            34010000,  606,  530
            34390000,  621,  546
            34510000,  621,  579
            34890000,  519,  613
            35010000,  519,  591
            35390000,  574,  570
            35510000,  574,  558
            35890000,  631,  546
            36010000,  631,  574
            36390000,  538,  602
            36510000,  538,  593
            36890000,  565,  584
            37010000,  565,  568
            37390000,  697,  551
            37510000,  697,  591
            37890000,  647,  631
            38010000,  647,  651
            38390000,  573,  672
            38510000,  573,  641
            38890000,  650,  610
            39010000,  650,  610
            39390000,  627,  611
            39510000,  627,  625
            39890000,  517,  638
            40010000,  517,  605
            40390000,  590,  572
            40510000,  590,  562
            40890000,  666,  553
            41010000,  666,  590
            41390000,  565,  628
            41510000,  565,  621
            41890000,  554,  615
            42010000,  554,  587
            42390000,  643,  559
            42510000,  643,  579
            42890000,  577,  598
            43010000,  577,  604
            43390000,  526,  610
            43510000,  526,  580
            43890000,  649,  551
            44010000,  649,  569
            44390000,  655,  587
            44510000,  655,  619
            44890000,  534,  652
            45010000,  534,  623
            45390000,  557,  594
            45510000,  557,  570
            45890000,  577,  545
            46010000,  577,  556
            46390000,  445,  567
            46510000,  445,  539
            46890000,  439,  511
            47010000,  439,  476
            47390000,  551,  442
            47510000,  551,  468
            47890000,  499,  495
            48010000,  499,  510
            48390000,  446,  525
            48510000,  446,  498
            48890000,  566,  472
            49010000,  566,  489
            49390000,  605,  506
            49510000,  605,  545
            49890000,  570,  585
            50010000,  570,  586
            50390000,  723,  587
            50510000,  723,  617
            50890000,  876,  646
            51010000,  876,  723
            51390000,  841,  799
            51510000,  841,  829
            51890000,  880,  858
            52010000,  880,  859
            52390000, 1000,  860
            52510000, 1000,  900
            52890000,  946,  940
            53010000,  946,  956
            53390000,  895,  973
            53510000,  895,  946
            53890000, 1006,  920
            54010000, 1006,  935
            54390000,  999,  950
            54510000,  999,  976
            54890000,  867, 1002
            55010000,  867,  967
            55390000,  886,  933
            55510000,  886,  904
            55890000,  909,  876
            56010000,  909,  887
            56390000,  786,  897
            56510000,  786,  872
            56890000,  792,  847
            57010000,  792,  818
            57390000,  914,  789
            57510000,  914,  821
            57890000,  862,  853
            58010000,  862,  870
            58390000,  795,  888
            58510000,  795,  858
            58890000,  883,  828
            59010000,  883,  833
            59390000,  870,  839
            59510000,  870,  857
            59890000,  768,  876
            60010000,  768,  847
            60390000,  843,  819
            60510000,  843,  812
            60890000,  915,  805
            61010000,  915,  842
            61390000,  803,  879
            61510000,  803,  869
            61890000,  779,  859
            62010000,  779,  825
            62390000,  854,  791
            62510000,  854,  803
            62890000,  779,  816
            63010000,  779,  816
            63390000,  727,  816
            63510000,  727,  784
            63890000,  857,  753
            64010000,  857,  772
            64390000,  882,  792
            64510000,  882,  830
            64890000,  787,  869
            65010000,  787,  852
            65390000,  843,  834
            65510000,  843,  824
            65890000,  895,  815
            66010000,  895,  842
            66390000,  791,  869
            66510000,  791,  856
            66890000,  804,  843
            67010000,  804,  820
            67390000,  922,  797
            67510000,  922,  830
            67890000,  862,  863
            68010000,  862,  877
            68390000,  786,  892
            68510000,  786,  858
            68890000,  871,  824
            69010000,  871,  826
            69390000,  865,  828
            69510000,  865,  848
            69890000,  781,  868
            70010000,  781,  845
            70390000,  886,  823
            70510000,  886,  828
            70890000,  994,  833
            71010000,  994,  886
            71390000,  920,  940
            71510000,  920,  948
            71890000,  928,  957
            72010000,  928,  940
            72390000, 1022,  924
            72510000, 1022,  949
            72890000,  946,  975
            73010000,  946,  979
            73390000,  872,  984
            73510000,  872,  946
            73890000,  958,  909
            74010000,  958,  912
            74390000,  920,  915
            74510000,  920,  927
            74890000,  749,  939
            75010000,  749,  886
            75390000,  723,  834
            75510000,  723,  785
            75890000,  698,  736
            76010000,  698,  723
            76390000,  526,  710
            76510000,  526,  661
            76890000,  488,  612
            77010000,  488,  559
            77390000,  574,  507
            77510000,  574,  519
            77890000,  499,  531
            78010000,  499,  533
            78390000,  423,  536
            78510000,  423,  498
            78890000,  517,  461
            79010000,  517,  465
            79390000,  524,  470
            79510000,  524,  495
            79890000,  450,  520
            80010000,  450,  503
            80390000,  557,  487
            80510000,  557,  495
            80890000,  661,  503
            81010000,  661,  556
            81390000,  576,  609
            81510000,  576,  613
            81890000,  570,  618
            82010000,  570,  595
            82390000,  654,  573
            82510000,  654,  592
            82890000,  577,  612
            83010000,  577,  613
            83390000,  516,  615
            83510000,  516,  581
            83890000,  633,  546
            84010000,  633,  560
            84390000,  644,  574
            84510000,  644,  606
            84890000,  539,  638
            85010000,  539,  615
            85390000,  590,  591
            85510000,  590,  578
            85890000,  644,  564
            86010000,  644,  590
            86390000,  548,  617
            86510000,  548,  606
            86890000,  572,  596
            87010000,  572,  578
            87390000,  700,  560
            87510000,  700,  598
            87890000,  647,  636
            88010000,  647,  654
            88390000,  570,  673
            88510000,  570,  641
            88890000,  644,  608
            89010000,  644,  607
            89390000,  617,  607
            89510000,  617,  618
            89890000,  504,  630
            90010000,  504,  595
            90390000,  574,  560
            90510000,  574,  549
            90890000,  647,  539
            91010000,  647,  574
            91390000,  542,  610
            91510000,  542,  602
            91890000,  528,  594
            92010000,  528,  564
            92390000,  613,  535
            92510000,  613,  552
            92890000,  544,  570
            93010000,  544,  574
            93390000,  490,  578
            93510000,  490,  547
            93890000,  609,  517
            94010000,  609,  533
            94390000,  613,  549
            94510000,  613,  580
            94890000,  488,  611
            95010000,  488,  580
            95390000,  508,  550
            95510000,  508,  524
            95890000,  525,  498
            96010000,  525,  507
            96390000,  390,  516
            96510000,  390,  487
            96890000,  380,  457
            97010000,  380,  421
            97390000,  489,  385
            97510000,  489,  409
            97890000,  434,  434
            98010000,  434,  448
            98390000,  378,  461
            98510000,  378,  433
            98890000,  495,  406
            99010000,  495,  421
            99390000,  530,  436
            99510000,  530,  474
            99890000,  492,  512
           100010000,  492,  511
           100390000,  642,  511
           100510000,  642,  539
           100890000,  792,  567
           101010000,  792,  642
           101390000,  754,  717
           101510000,  754,  745
           101890000,  789,  773
           102010000,  789,  772
           102390000,  906,  771
           102510000,  906,  809
           102890000,  850,  847
           103010000,  850,  862
           103390000,  795,  878
           103510000,  795,  850
           103890000,  904,  822
           104010000,  904,  836
           104390000,  893,  849
           104510000,  893,  874
           104890000,  758,  898
           105010000,  758,  862
           105390000,  774,  825
           105510000,  774,  795
           105890000,  794,  766
           106010000,  794,  775
           106390000,  669,  784
           106510000,  669,  757
           106890000,  672,  731
           107010000,  672,  701
           107390000,  790,  670
           107510000,  790,  700
           107890000,  736,  731
           108010000,  736,  747
           108390000,  666,  763
           108510000,  666,  732
           108890000,  751,  701
           109010000,  751,  704
           109390000,  735,  708
           109510000,  735,  725
           109890000,  630,  743
           110010000,  630,  712
           110390000,  702,  682
           110510000,  702,  674
           110890000,  771,  666
           111010000,  771,  701
           111390000,  657,  736
           111510000,  657,  725
           111890000,  630,  714
           112010000,  630,  678
           112390000,  703,  643
           112510000,  703,  655
           112890000,  625,  666
           113010000,  625,  665
           113390000,  570,  664
           113510000,  570,  630
           113890000,  698,  597
           114010000,  698,  615
           114390000,  720,  634
           114510000,  720,  671
           114890000,  623,  709
           115010000,  623,  690
           115390000,  676,  671
           115510000,  676,  660
           115890000,  726,  649
           116010000,  726,  675
           116390000,  619,  701
           116510000,  619,  686
           116890000,  629,  672
           117010000,  629,  648
           117390000,  745,  624
           117510000,  745,  655
           117890000,  683,  687
           118010000,  683,  700
           118390000,  604,  714
           118510000,  604,  678
           118890000,  687,  643
           119010000,  687,  644
           119390000,  679,  645
           119510000,  679,  664
           119890000,  592,  683
           120010000,  592,  659
           120390000,  694,  635
           120510000,  694,  639
           120890000,  800,  643
           121010000,  800,  695
           121390000,  725,  747
           121510000,  725,  754
           121890000,  730,  762
           122010000,  730,  745
           122390000,  822,  727
           122510000,  822,  751
           122890000,  744,  776
           123010000,  744,  779
           123390000,  668,  783
           123510000,  668,  744
           123890000,  752,  706
           124010000,  752,  708
           124390000,  712,  710
           124510000,  712,  721
           124890000,  539,  732
           125010000,  539,  678
           125390000,  511,  625
           125510000,  511,  575
           125890000,  483,  525
           126010000,  483,  511
           126390000,  310,  497
           126510000,  310,  446
           126890000,  270,  396
           127010000,  270,  343
           127390000,  354,  290
           127510000,  354,  301
           127890000,  278,  312
           128010000,  278,  314
           128390000,  200,  316
           128510000,  200,  277
           128890000,  292,  239
           129010000,  292,  242
           129390000,  297,  246
           129510000,  297,  270
           129890000,  222,  294
           130010000,  222,  277
           130390000,  328,  259
           130510000,  328,  267
           130890000,  430,  275
           131010000,  430,  327
           131390000,  343,  379
           131510000,  343,  382
           131890000,  335,  386
           132010000,  335,  362
           132390000,  418,  339
           132510000,  418,  357
           132890000,  339,  376
           133010000,  339,  377
           133390000,  277,  378
           133510000,  277,  343
           133890000,  393,  308
           134010000,  393,  321
           134390000,  403,  335
           134510000,  403,  366
           134890000,  296,  398
           135010000,  296,  373
           135390000,  346,  349
           135510000,  346,  335
           135890000,  399,  321
           136010000,  399,  346
           136390000,  302,  372
           136510000,  302,  361
           136890000,  324,  350
           137010000,  324,  331
           137390000,  452,  313
           137510000,  452,  350
           137890000,  397,  388
           138010000,  397,  406
           138390000,  319,  424
           138510000,  319,  391
           138890000,  392,  358
           139010000,  392,  356
           139390000,  365,  355
           139510000,  365,  367
           139890000,  251,  378
           140010000,  251,  343
           140390000,  320,  308
           140510000,  320,  296
           140890000,  392,  285
           141010000,  392,  320
           141390000,  287,  356
           141510000,  287,  347
           141890000,  271,  339
           142010000,  271,  309
           142390000,  356,  279
           142510000,  356,  296
           142890000,  286,  313
           143010000,  286,  317
           143390000,  232,  321
           143510000,  232,  290
           143890000,  350,  259
           144010000,  350,  275
           144390000,  353,  291
           144510000,  353,  321
           144890000,  228,  351
           145010000,  228,  321
           145390000,  248,  290
           145510000,  248,  264
           145890000,  264,  238
           146010000,  264,  247
           146390000,  129,  256
           146510000,  129,  226
           146890000,  118,  196
           147010000,  118,  160
           147390000,  227,  123
           147510000,  227,  148
           147890000,  172,  172
           148010000,  172,  186
           148390000,  116,  199
           148510000,  116,  171
           148890000,  233,  144
           149010000,  233,  159
           149390000,  268,  174
           149510000,  268,  212
           149890000,  230,  250
           150010000,  230,  249
           150390000,  380,  249
           150510000,  380,  277
           150890000,  530,  305
           151010000,  530,  380
           151390000,  492,  455
           151510000,  492,  483
           151890000,  527,  511
           152010000,  527,  510
           152390000,  644,  509
           152510000,  644,  547
           152890000,  588,  585
           153010000,  588,  600
           153390000,  533,  616
           153510000,  533,  588
           153890000,  642,  560
           154010000,  642,  574
           154390000,  632,  587
           154510000,  632,  612
           154890000,  497,  637
           155010000,  497,  600
           155390000,  514,  564
           155510000,  514,  535
           155890000,  534,  505
           156010000,  534,  514
           156390000,  409,  524
           156510000,  409,  497
           156890000,  413,  471
           157010000,  413,  441
           157390000,  532,  411
           157510000,  532,  441
           157890000,  478,  472
           158010000,  478,  488
           158390000,  409,  505
           158510000,  409,  474
           158890000,  494,  443
           159010000,  494,  447
           159390000,  480,  451
           159510000,  480,  469
           159890000,  375,  487
           160010000,  375,  457
           160390000,  448,  427
           160510000,  448,  419
           160890000,  518,  411
           161010000,  518,  447
           161390000,  405,  483
           161510000,  405,  472
           161890000,  378,  461
           162010000,  378,  426
           162390000,  452,  391
           162510000,  452,  403
           162890000,  375,  415
           163010000,  375,  414
           163390000,  322,  413
           163510000,  322,  381
           163890000,  450,  348
           164010000,  450,  367
           164390000,  474,  386
           164510000,  474,  424
           164890000,  378,  462
           165010000,  378,  444
           165390000,  432,  426
           165510000,  432,  415
           165890000,  483,  405
           166010000,  483,  431
           166390000,  378,  457
           166510000,  378,  444
           166890000,  389,  430
           167010000,  389,  407
           167390000,  506,  383
           167510000,  506,  415
           167890000,  445,  447
           168010000,  445,  461
           168390000,  368,  475
           168510000,  368,  441
           168890000,  452,  406
           169010000,  452,  408
           169390000,  446,  410
           169510000,  446,  429
           169890000,  361,  449
           170010000,  361,  426
           170390000,  465,  403
           170510000,  465,  408
           170890000,  572,  413
           171010000,  572,  465
           171390000,  498,  518
           171510000,  498,  526
           171890000,  505,  535
           172010000,  505,  518
           172390000,  599,  501
           172510000,  599,  526
           172890000,  523,  552
           173010000,  523,  556
           173390000,  448,  561
           173510000,  448,  523
           173890000,  534,  485
           174010000,  534,  488
           174390000,  496,  491
           174510000,  496,  503
           174890000,  324,  515
           175010000,  324,  462
           175390000,  299,  410
           175510000,  299,  360
           175890000,  273,  311
           176010000,  273,  298
           176390000,  102,  286
           176510000,  102,  236
           176890000,   64,  187
           177010000,   64,  135
           177390000,  150,   83
           177510000,  150,   95
           177890000,   76,  107
           178010000,   76,  110
           178390000,    0,  113
           178510000,    0,   75
           178890000,   94,   38
           179010000,   94,   42
           179390000,  102,   47
           179510000,  102,   72
           179890000,   28,   98
           180010000,   28,   81
           180390000,  136,   65
           180510000,  136,   73
           180890000,  241,   82
           181010000,  241,  135
           181390000,  157,  188
           181510000,  157,  193
           181890000,  151,  199
           182010000,  151,  176
           182390000,  236,  154
           182510000,  236,  173
           182890000,  160,  193
           183010000,  160,  195
           183390000,  100,  198
           183510000,  100,  164
           183890000,  218,  130
           184010000,  218,  144
           184390000,  231,  159
           184510000,  231,  191
           184890000,  127,  224
           185010000,  127,  201
           185390000,  179,  179
           185510000,  179,  166
           185890000,  235,  153
           186010000,  235,  180
           186390000,  140,  207
           186510000,  140,  197
           186890000,  165,  187
           187010000,  165,  170
           187390000,  295,  152
           187510000,  295,  191
           187890000,  243,  230
           188010000,  243,  249
           188390000,  168,  269
           188510000,  168,  237
           188890000,  243,  205
           189010000,  243,  205
           189390000,  219,  205
           189510000,  219,  218
           189890000,  107,  231
           190010000,  107,  197
           190390000,  179,  163
           190510000,  179,  153
           190890000,  254,  143
           191010000,  254,  179
           191390000,  152,  216
           191510000,  152,  209
           191890000,  139,  203
           192010000,  139,  174
           192390000,  227,  145
           192510000,  227,  164
           192890000,  160,  183
           193010000,  160,  188
           193390000,  108,  193
           193510000,  108,  163
           193890000,  230,  134
           194010000,  230,  151
           194390000,  236,  169
           194510000,  236,  201
           194890000,  113,  233
           195010000,  113,  203
           195390000,  136,  174
           195510000,  136,  149
           195890000,  155,  124
           196010000,  155,  135
           196390000,   23,  145
           196510000,   23,  117
           196890000,   16,   89
           197010000,   16,   54
           197390000,  127,   19
           197510000,  127,   45
           197890000,   76,   71
           198010000,   76,   86
           198390000,   22,  101
           198510000,   22,   75
           198890000,  142,   49
           199010000,  142,   65
           199390000,  181,   82
           199510000,  181,  121
           199890000,  146,  161
           200010000,  146,  162
           200390000,  299,  163
           200510000,  299,  193
           200890000,  452,  222
           201010000,  452,  299
           201390000,  417,  375
           201510000,  417,  405
           201890000,  456,  434
           202010000,  456,  435
           202390000,  576,  436
           202510000,  576,  476
           202890000,  523,  516
           203010000,  523,  532
           203390000,  471,  549
           203510000,  471,  523
           203890000,  583,  497
           204010000,  583,  512
           204390000,  577,  527
           204510000,  577,  553
           204890000,  445,  580
           205010000,  445,  545
           205390000,  465,  511
           205510000,  465,  483
           205890000,  488,  455
           206010000,  488,  465
           206390000,  367,  476
           206510000,  367,  452
           206890000,  373,  427
           207010000,  373,  398
           207390000,  496,  370
           207510000,  496,  402
           207890000,  445,  434
           208010000,  445,  452
           208390000,  379,  470
           208510000,  379,  441
           208890000,  468,  412
           209010000,  468,  417
           209390000,  457,  423
           209510000,  457,  443
           209890000,  356,  462
           210010000,  356,  434
           210390000,  432,  406
           210510000,  432,  400
           210890000,  505,  394
           211010000,  505,  431
           211390000,  395,  468
           211510000,  395,  459
           211890000,  372,  450
           212010000,  372,  416
           212390000,  449,  383
           212510000,  449,  397
           212890000,  375,  410
           213010000,  375,  411
           213390000,  325,  412
           213510000,  325,  381
           213890000,  457,  350
           214010000,  457,  370
           214390000,  484,  391
           214510000,  484,  430
           214890000,  391,  470
           215010000,  391,  454
           215390000,  448,  437
           215510000,  448,  428
           215890000,  503,  419
           216010000,  503,  447
           216390000,  401,  475
           216510000,  401,  463
           216890000,  416,  452
           217010000,  416,  430
           217390000,  536,  408
           217510000,  536,  442
           217890000,  478,  476
           218010000,  478,  491
           218390000,  405,  507
           218510000,  405,  474
           218890000,  492,  441
           219010000,  492,  445
           219390000,  488,  448
           219510000,  488,  469
           219890000,  407,  490
           220010000,  407,  468
           220390000,  514,  447
           220510000,  514,  454
           220890000,  625,  460
           221010000,  625,  515
           221390000,  554,  569
           221510000,  554,  579
           221890000,  564,  589
           222010000,  564,  574
           222390000,  661,  559
           222510000,  661,  585
           222890000,  588,  612
           223010000,  588,  618
           223390000,  517,  624
           223510000,  517,  588
           223890000,  606,  552
           224010000,  606,  557
           224390000,  570,  561
           224510000,  570,  574
           224890000,  402,  588
           225010000,  402,  537
           225390000,  380,  486
           225510000,  380,  438
           225890000,  357,  391
           226010000,  357,  379
           226390000,  189,  368
           226510000,  189,  320
           226890000,  154,  273
           227010000,  154,  222
           227390000,  243,  171
           227510000,  243,  185
           227890000,  172,  198
           228010000,  172,  203
           228390000,  100,  207
           228510000,  100,  171
           228890000,  197,  136
           229010000,  197,  142
           229390000,  207,  148
           229510000,  207,  175
           229890000,  137,  202
           230010000,  137,  187
           230390000,  248,  172
           230510000,  248,  182
           230890000,  355,  192
           231010000,  355,  247
           231390000,  274,  301
           231510000,  274,  308
           231890000,  272,  314
           232010000,  272,  293
           232390000,  359,  273
           232510000,  359,  294
           232890000,  286,  315
           233010000,  286,  319
           233390000,  229,  322
           233510000,  229,  290
           233890000,  350,  257
           234010000,  350,  273
           234390000,  365,  289
           234510000,  365,  323
           234890000,  264,  357
           235010000,  264,  336
           235390000,  320,  314
           235510000,  320,  303
           235890000,  378,  292
           236010000,  378,  320
           236390000,  286,  349
           236510000,  286,  340
           236890000,  314,  332
           237010000,  314,  316
           237390000,  447,  300
           237510000,  447,  340
           237890000,  397,  380
           238010000,  397,  401
           238390000,  325,  422
           238510000,  325,  391
           238890000,  403,  361
           239010000,  403,  362
           239390000,  381,  364
           239510000,  381,  378
           239890000,  272,  392
           240010000,  272,  359
           240390000,  346,  326
           240510000,  346,  317
           240890000,  424,  309
           241010000,  424,  347
           241390000,  324,  385
           241510000,  324,  379
           241890000,  314,  374
           242010000,  314,  346
           242390000,  404,  319
           242510000,  404,  339
           242890000,  339,  359
           243010000,  339,  365
           243390000,  290,  371
           243510000,  290,  343
           243890000,  414,  314
           244010000,  414,  333
           244390000,  422,  352
           244510000,  422,  385
           244890000,  302,  418
           245010000,  302,  390
           245390000,  328,  362
           245510000,  328,  338
           245890000,  349,  315
           246010000,  349,  326
           246390000,  219,  338
           246510000,  219,  311
           246890000,  214,  284
           247010000,  214,  250
           247390000,  327,  216
           247510000,  327,  243
           247890000,  278,  270
           248010000,  278,  286
           248390000,  227,  302
           248510000,  227,  277
           248890000,  349,  252
           249010000,  349,  270
           249390000,  389,  288
           249510000,  389,  328
           249890000,  356,  369
           250010000,  356,  370
           250390000,  511,  372
           250510000,  511,  403
           250890000,  666,  433
           251010000,  666,  511
           251390000,  633,  588
           251510000,  633,  619
           251890000,  673,  649
           252010000,  673,  651
           252390000,  795,  653
           252510000,  795,  693
           252890000,  744,  734
           253010000,  744,  751
           253390000,  695,  769
           253510000,  695,  744
           253890000,  808,  719
           254010000,  808,  735
           254390000,  803,  751
           254510000,  803,  778
           254890000,  673,  805
           255010000,  673,  771
           255390000,  694,  738
           255510000,  694,  710
           255890000,  720,  683
           256010000,  720,  695
           256390000,  600,  707
           256510000,  600,  683
           256890000,  608,  660
           257010000,  608,  632
           257390000,  732,  604
           257510000,  732,  637
           257890000,  683,  670
           258010000,  683,  688
           258390000,  618,  707
           258510000,  618,  679
           258890000,  708,  650
           259010000,  708,  656
           259390000,  698,  663
           259510000,  698,  683
           259890000,  598,  703
           260010000,  598,  675
           260390000,  676,  648
           260510000,  676,  642
           260890000,  750,  637
           261010000,  750,  675
           261390000,  641,  713
           261510000,  641,  704
           261890000,  619,  695
           262010000,  619,  662
           262390000,  697,  630
           262510000,  697,  644
           262890000,  625,  658
           263010000,  625,  659
           263390000,  575,  661
           263510000,  575,  630
           263890000,  708,  600
           264010000,  708,  620
           264390000,  736,  641
           264510000,  736,  681
           264890000,  644,  722
           265010000,  644,  706
           265390000,  702,  690
           265510000,  702,  681
           265890000,  758,  673
           266010000,  758,  701
           266390000,  657,  730
           266510000,  657,  718
           266890000,  672,  707
           267010000,  672,  686
           267390000,  793,  664
           267510000,  793,  698
           267890000,  736,  732
           268010000,  736,  748
           268390000,  663,  764
           268510000,  663,  732
           268890000,  750,  699
           269010000,  750,  703
           269390000,  748,  706
           269510000,  748,  727
           269890000,  667,  749
           270010000,  667,  728
           270390000,  774,  707
           270510000,  774,  714
           270890000,  885,  720
           271010000,  885,  775
           271390000,  815,  829
           271510000,  815,  839
           271890000,  825,  850
           272010000,  825,  835
           272390000,  922,  820
           272510000,  922,  846
           272890000,  850,  873
           273010000,  850,  879
           273390000,  779,  886
           273510000,  779,  850
           273890000,  868,  814
           274010000,  868,  819
           274390000,  833,  823
           274510000,  833,  837
           274890000,  665,  850
           275010000,  665,  799
           275390000,  642,  749
           275510000,  642,  701
           275890000,  620,  653
           276010000,  620,  642
           276390000,  452,  631
           276510000,  452,  583
           276890000,  416,  536
           277010000,  416,  485
           277390000,  505,  434
           277510000,  505,  447
           277890000,  434,  460
           278010000,  434,  465
           278390000,  361,  469
           278510000,  361,  433
           278890000,  458,  397
           279010000,  458,  403
           279390000,  468,  409
           279510000,  468,  436
           279890000,  397,  463
           280010000,  397,  447
           280390000,  508,  432
           280510000,  508,  442
           280890000,  615,  452
           281010000,  615,  507
           281390000,  534,  561
           281510000,  534,  568
           281890000,  530,  574
           282010000,  530,  553
           282390000,  617,  532
           282510000,  617,  552
           282890000,  544,  573
           283010000,  544,  577
           283390000,  486,  580
           283510000,  486,  547
           283890000,  606,  515
           284010000,  606,  530
           284390000,  621,  546
           284510000,  621,  579
           284890000,  519,  613
           285010000,  519,  591
           285390000,  574,  570
           285510000,  574,  558
           285890000,  631,  546
           286010000,  631,  574
           286390000,  538,  602
           286510000,  538,  593
           286890000,  565,  584
           287010000,  565,  568
           287390000,  697,  551
           287510000,  697,  591
           287890000,  647,  631
           288010000,  647,  651
           288390000,  573,  672
           288510000,  573,  641
           288890000,  650,  610
           289010000,  650,  610
           289390000,  627,  611
           289510000,  627,  625
           289890000,  517,  638
           290010000,  517,  605
           290390000,  590,  572
           290510000,  590,  562
           290890000,  666,  553
           291010000,  666,  590
           291390000,  565,  628
           291510000,  565,  621
           291890000,  554,  615
           292010000,  554,  587
           292390000,  643,  559
           292510000,  643,  579
           292890000,  577,  598
           293010000,  577,  604
           293390000,  526,  610
           293510000,  526,  580
           293890000,  649,  551
           294010000,  649,  569
           294390000,  655,  587
           294510000,  655,  619
           294890000,  534,  652
           295010000,  534,  623
           295390000,  557,  594
           295510000,  557,  570
           295890000,  577,  545
           296010000,  577,  556
           296390000,  445,  567
           296510000,  445,  539
           296890000,  439,  511
           297010000,  439,  476
           297390000,  551,  442
           297510000,  551,  468
           297890000,  499,  495
           298010000,  499,  510
           298390000,  446,  525
           298510000,  446,  498
           298890000,  566,  472
           299010000,  566,  489
           299390000,  605,  506
           299510000,  605,  545
           299890000,  570,  585
           300010000,  570,  586
           300390000,  723,  587
           300510000,  723,  617
           300890000,  876,  646
           301010000,  876,  723
           301390000,  841,  799
           301510000,  841,  829
           301890000,  880,  858
           302010000,  880,  859
           302390000, 1000,  860
           302510000, 1000,  900
           302890000,  946,  940
           303010000,  946,  956
           303390000,  895,  973
           303510000,  895,  946
           303890000, 1006,  920
           304010000, 1006,  935
           304390000,  999,  950
           304510000,  999,  976
           304890000,  867, 1002
           305010000,  867,  967
           305390000,  886,  933
           305510000,  886,  904
           305890000,  909,  876
           306010000,  909,  887
           306390000,  786,  897
           306510000,  786,  872
           306890000,  792,  847
           307010000,  792,  818
           307390000,  914,  789
           307510000,  914,  821
           307890000,  862,  853
           308010000,  862,  870
           308390000,  795,  888
           308510000,  795,  858
           308890000,  883,  828
           309010000,  883,  833
           309390000,  870,  839
           309510000,  870,  857
           309890000,  768,  876
           310010000,  768,  847
           310390000,  843,  819
           310510000,  843,  812
           310890000,  915,  805
           311010000,  915,  842
           311390000,  803,  879
           311510000,  803,  869
           311890000,  779,  859
           312010000,  779,  825
           312390000,  854,  791
           312510000,  854,  803
           312890000,  779,  816
           313010000,  779,  816
           313390000,  727,  816
           313510000,  727,  784
           313890000,  857,  753
           314010000,  857,  772
           314390000,  882,  792
           314510000,  882,  830
           314890000,  787,  869
           315010000,  787,  852
           315390000,  843,  834
           315510000,  843,  824
           315890000,  895,  815
           316010000,  895,  842
           316390000,  791,  869
           316510000,  791,  856
           316890000,  804,  843
           317010000,  804,  820
           317390000,  922,  797
           317510000,  922,  830
           317890000,  862,  863
           318010000,  862,  877
           318390000,  786,  892
           318510000,  786,  858
           318890000,  871,  824
           319010000,  871,  826
           319390000,  865,  828
           319510000,  865,  848
           319890000,  781,  868
           320010000,  781,  845
           320390000,  886,  823
           320510000,  886,  828
           320890000,  994,  833
           321010000,  994,  886
           321390000,  920,  940
           321510000,  920,  948
           321890000,  928,  957
           322010000,  928,  940
           322390000, 1022,  924
           322510000, 1022,  949
           322890000,  946,  975
           323010000,  946,  979
           323390000,  872,  984
           323510000,  872,  946
           323890000,  958,  909
           324010000,  958,  912
           324390000,  920,  915
           324510000,  920,  927
           324890000,  749,  939
           325010000,  749,  886
           325390000,  723,  834
           325510000,  723,  785
           325890000,  698,  736
           326010000,  698,  723
           326390000,  526,  710
           326510000,  526,  661
           326890000,  488,  612
           327010000,  488,  559
           327390000,  574,  507
           327510000,  574,  519
           327890000,  499,  531
           328010000,  499,  533
           328390000,  423,  536
           328510000,  423,  498
           328890000,  517,  461
           329010000,  517,  465
           329390000,  524,  470
           329510000,  524,  495
           329890000,  450,  520
           330010000,  450,  503
           330390000,  557,  487
           330510000,  557,  495
           330890000,  661,  503
           331010000,  661,  556
           331390000,  576,  609
           331510000,  576,  613
           331890000,  570,  618
           332010000,  570,  595
           332390000,  654,  573
           332510000,  654,  592
           332890000,  577,  612
           333010000,  577,  613
           333390000,  516,  615
           333510000,  516,  581
           333890000,  633,  546
           334010000,  633,  560
           334390000,  644,  574
           334510000,  644,  606
           334890000,  539,  638
           335010000,  539,  615
           335390000,  590,  591
           335510000,  590,  578
           335890000,  644,  564
           336010000,  644,  590
           336390000,  548,  617
           336510000,  548,  606
           336890000,  572,  596
           337010000,  572,  578
           337390000,  700,  560
           337510000,  700,  598
           337890000,  647,  636
           338010000,  647,  654
           338390000,  570,  673
           338510000,  570,  641
           338890000,  644,  608
           339010000,  644,  607
           339390000,  617,  607
           339510000,  617,  618
           339890000,  504,  630
           340010000,  504,  595
           340390000,  574,  560
           340510000,  574,  549
           340890000,  647,  539
           341010000,  647,  574
           341390000,  542,  610
           341510000,  542,  602
           341890000,  528,  594
           342010000,  528,  564
           342390000,  613,  535
           342510000,  613,  552
           342890000,  544,  570
           343010000,  544,  574
           343390000,  490,  578
           343510000,  490,  547
           343890000,  609,  517
           344010000,  609,  533
           344390000,  613,  549
           344510000,  613,  580
           344890000,  488,  611
           345010000,  488,  580
           345390000,  508,  550
           345510000,  508,  524
           345890000,  525,  498
           346010000,  525,  507
           346390000,  390,  516
           346510000,  390,  487
           346890000,  380,  457
           347010000,  380,  421
           347390000,  489,  385
           347510000,  489,  409
           347890000,  434,  434
           348010000,  434,  448
           348390000,  378,  461
           348510000,  378,  433
           348890000,  495,  406
           349010000,  495,  421
           349390000,  530,  436
           349510000,  530,  474
           349890000,  492,  512
           350010000,  492,  511
           350390000,  642,  511
           350510000,  642,  539
           350890000,  792,  567
           351010000,  792,  642
           351390000,  754,  717
           351510000,  754,  745
           351890000,  789,  773
           352010000,  789,  772
           352390000,  906,  771
           352510000,  906,  809
           352890000,  850,  847
           353010000,  850,  862
           353390000,  795,  878
           353510000,  795,  850
           353890000,  904,  822
           354010000,  904,  836
           354390000,  893,  849
           354510000,  893,  874
           354890000,  758,  898
           355010000,  758,  862
           355390000,  774,  825
           355510000,  774,  795
           355890000,  794,  766
           356010000,  794,  775
           356390000,  669,  784
           356510000,  669,  757
           356890000,  672,  731
           357010000,  672,  701
           357390000,  790,  670
           357510000,  790,  700
           357890000,  736,  731
           358010000,  736,  747
           358390000,  666,  763
           358510000,  666,  732
           358890000,  751,  701
           359010000,  751,  704
           359390000,  735,  708
           359510000,  735,  725
           359890000,  630,  743
           360010000,  630,  712
           360390000,  702,  682
           360510000,  702,  674
           360890000,  771,  666
           361010000,  771,  701
           361390000,  657,  736
           361510000,  657,  725
           361890000,  630,  714
           362010000,  630,  678
           362390000,  703,  643
           362510000,  703,  655
           362890000,  625,  666
           363010000,  625,  665
           363390000,  570,  664
           363510000,  570,  630
           363890000,  698,  597
           364010000,  698,  615
           364390000,  720,  634
           364510000,  720,  671
           364890000,  623,  709
           365010000,  623,  690
           365390000,  676,  671
           365510000,  676,  660
           365890000,  726,  649
           366010000,  726,  675
           366390000,  619,  701
           366510000,  619,  686
           366890000,  629,  672
           367010000,  629,  648
           367390000,  745,  624
           367510000,  745,  655
           367890000,  683,  687
           368010000,  683,  700
           368390000,  604,  714
           368510000,  604,  678
           368890000,  687,  643
           369010000,  687,  644
           369390000,  679,  645
           369510000,  679,  664
           369890000,  592,  683
           370010000,  592,  659
           370390000,  694,  635
           370510000,  694,  639
           370890000,  800,  643
           371010000,  800,  695
           371390000,  725,  747
           371510000,  725,  754
           371890000,  730,  762
           372010000,  730,  745
           372390000,  822,  727
           372510000,  822,  751
           372890000,  744,  776
           373010000,  744,  779
           373390000,  668,  783
           373510000,  668,  744
           373890000,  752,  706
           374010000,  752,  708
           374390000,  712,  710
           374510000,  712,  721
           374890000,  539,  732
           375010000,  539,  678
           375390000,  511,  625
           375510000,  511,  575
           375890000,  483,  525
           376010000,  483,  511
           376390000,  310,  497
           376510000,  310,  446
           376890000,  270,  396
           377010000,  270,  343
           377390000,  354,  290
           377510000,  354,  301
           377890000,  278,  312
           378010000,  278,  314
           378390000,  200,  316
           378510000,  200,  277
           378890000,  292,  239
           379010000,  292,  242
           379390000,  297,  246
           379510000,  297,  270
           379890000,  222,  294
           380010000,  222,  277
           380390000,  328,  259
           380510000,  328,  267
           380890000,  430,  275
           381010000,  430,  327
           381390000,  343,  379
           381510000,  343,  382
           381890000,  335,  386
           382010000,  335,  362
           382390000,  418,  339
           382510000,  418,  357
           382890000,  339,  376
           383010000,  339,  377
           383390000,  277,  378
           383510000,  277,  343
           383890000,  393,  308
           384010000,  393,  321
           384390000,  403,  335
           384510000,  403,  366
           384890000,  296,  398
           385010000,  296,  373
           385390000,  346,  349
           385510000,  346,  335
           385890000,  399,  321
           386010000,  399,  346
           386390000,  302,  372
           386510000,  302,  361
           386890000,  324,  350
           387010000,  324,  331
           387390000,  452,  313
           387510000,  452,  350
           387890000,  397,  388
           388010000,  397,  406
           388390000,  319,  424
           388510000,  319,  391
           388890000,  392,  358
           389010000,  392,  356
           389390000,  365,  355
           389510000,  365,  367
           389890000,  251,  378
           390010000,  251,  343
           390390000,  320,  308
           390510000,  320,  296
           390890000,  392,  285
           391010000,  392,  320
           391390000,  287,  356
           391510000,  287,  347
           391890000,  271,  339
           392010000,  271,  309
           392390000,  356,  279
           392510000,  356,  296
           392890000,  286,  313
           393010000,  286,  317
           393390000,  232,  321
           393510000,  232,  290
           393890000,  350,  259
           394010000,  350,  275
           394390000,  353,  291
           394510000,  353,  321
           394890000,  228,  351
           395010000,  228,  321
           395390000,  248,  290
           395510000,  248,  264
           395890000,  264,  238
           396010000,  264,  247
           396390000,  129,  256
           396510000,  129,  226
           396890000,  118,  196
           397010000,  118,  160
           397390000,  227,  123
           397510000,  227,  148
           397890000,  172,  172
           398010000,  172,  186
           398390000,  116,  199
           398510000,  116,  171
           398890000,  233,  144
           399010000,  233,  159
           399390000,  268,  174
           399510000,  268,  212
           399890000,  230,  250
           400010000,  230,  249
           400390000,  380,  249
           400510000,  380,  277
           400890000,  530,  305
           401010000,  530,  380
           401390000,  492,  455
           401510000,  492,  483
           401890000,  527,  511
           402010000,  527,  510
           402390000,  644,  509
           402510000,  644,  547
           402890000,  588,  585
           403010000,  588,  600
           403390000,  533,  616
           403510000,  533,  588
           403890000,  642,  560
           404010000,  642,  574
           404390000,  632,  587
           404510000,  632,  612
           404890000,  497,  637
           405010000,  497,  600
           405390000,  514,  564
           405510000,  514,  535
           405890000,  534,  505
           406010000,  534,  514
           406390000,  409,  524
           406510000,  409,  497
           406890000,  413,  471
           407010000,  413,  441
           407390000,  532,  411
           407510000,  532,  441
           407890000,  478,  472
           408010000,  478,  488
           408390000,  409,  505
           408510000,  409,  474
           408890000,  494,  443
           409010000,  494,  447
           409390000,  480,  451
           409510000,  480,  469
           409890000,  375,  487
           410010000,  375,  457
           410390000,  448,  427
           410510000,  448,  419
           410890000,  518,  411
           411010000,  518,  447
           411390000,  405,  483
           411510000,  405,  472
           411890000,  378,  461
           412010000,  378,  426
           412390000,  452,  391
           412510000,  452,  403
           412890000,  375,  415
           413010000,  375,  414
           413390000,  322,  413
           413510000,  322,  381
           413890000,  450,  348
           414010000,  450,  367
           414390000,  474,  386
           414510000,  474,  424
           414890000,  378,  462
           415010000,  378,  444
           415390000,  432,  426
           415510000,  432,  415
           415890000,  483,  405
           416010000,  483,  431
           416390000,  378,  457
           416510000,  378,  444
           416890000,  389,  430
           417010000,  389,  407
           417390000,  506,  383
           417510000,  506,  415
           417890000,  445,  447
           418010000,  445,  461
           418390000,  368,  475
           418510000,  368,  441
           418890000,  452,  406
           419010000,  452,  408
           419390000,  446,  410
           419510000,  446,  429
           419890000,  361,  449
           420010000,  361,  426
           420390000,  465,  403
           420510000,  465,  408
           420890000,  572,  413
           421010000,  572,  465
           421390000,  498,  518
           421510000,  498,  526
           421890000,  505,  535
           422010000,  505,  518
           422390000,  599,  501
           422510000,  599,  526
           422890000,  523,  552
           423010000,  523,  556
           423390000,  448,  561
           423510000,  448,  523
           423890000,  534,  485
           424010000,  534,  488
           424390000,  496,  491
           424510000,  496,  503
           424890000,  324,  515
           425010000,  324,  462
           425390000,  299,  410
           425510000,  299,  360
           425890000,  273,  311
           426010000,  273,  298
           426390000,  102,  286
           426510000,  102,  236
           426890000,   64,  187
           427010000,   64,  135
           427390000,  150,   83
           427510000,  150,   95
           427890000,   76,  107
           428010000,   76,  110
           428390000,    0,  113
           428510000,    0,   75
           428890000,   94,   38
           429010000,   94,   42
           429390000,  102,   47
           429510000,  102,   72
           429890000,   28,   98
           430010000,   28,   81
           430390000,  136,   65
           430510000,  136,   73
           430890000,  241,   82
           431010000,  241,  135
           431390000,  157,  188
           431510000,  157,  193
           431890000,  151,  199
           432010000,  151,  176
           432390000,  236,  154
           432510000,  236,  173
           432890000,  160,  193
           433010000,  160,  195
           433390000,  100,  198
           433510000,  100,  164
           433890000,  218,  130
           434010000,  218,  144
           434390000,  231,  159
           434510000,  231,  191
           434890000,  127,  224
           435010000,  127,  201
           435390000,  179,  179
           435510000,  179,  166
           435890000,  235,  153
           436010000,  235,  180
           436390000,  140,  207
           436510000,  140,  197
           436890000,  165,  187
           437010000,  165,  170
           437390000,  295,  152
           437510000,  295,  191
           437890000,  243,  230
           438010000,  243,  249
           438390000,  168,  269
           438510000,  168,  237
           438890000,  243,  205
           439010000,  243,  205
           439390000,  219,  205
           439510000,  219,  218
           439890000,  107,  231
           440010000,  107,  197
           440390000,  179,  163
           440510000,  179,  153
           440890000,  254,  143
           441010000,  254,  179
           441390000,  152,  216
           441510000,  152,  209
           441890000,  139,  203
           442010000,  139,  174
           442390000,  227,  145
           442510000,  227,  164
           442890000,  160,  183
           443010000,  160,  188
           443390000,  108,  193
           443510000,  108,  163
           443890000,  230,  134
           444010000,  230,  151
           444390000,  236,  169
           444510000,  236,  201
           444890000,  113,  233
           445010000,  113,  203
           445390000,  136,  174
           445510000,  136,  149
           445890000,  155,  124
           446010000,  155,  135
           446390000,   23,  145
           446510000,   23,  117
           446890000,   16,   89
           447010000,   16,   54
           447390000,  127,   19
           447510000,  127,   45
           447890000,   76,   71
           448010000,   76,   86
           448390000,   22,  101
           448510000,   22,   75
           448890000,  142,   49
           449010000,  142,   65
           449390000,  181,   82
           449510000,  181,  121
           449890000,  146,  161
           450010000,  146,  162
           450390000,  299,  163
           450510000,  299,  193
           450890000,  452,  222
           451010000,  452,  299
           451390000,  417,  375
           451510000,  417,  405
           451890000,  456,  434
           452010000,  456,  435
           452390000,  576,  436
           452510000,  576,  476
           452890000,  523,  516
           453010000,  523,  532
           453390000,  471,  549
           453510000,  471,  523
           453890000,  583,  497
           454010000,  583,  512
           454390000,  577,  527
           454510000,  577,  553
           454890000,  445,  580
           455010000,  445,  545
           455390000,  465,  511
           455510000,  465,  483
           455890000,  488,  455
           456010000,  488,  465
           456390000,  367,  476
           456510000,  367,  452
           456890000,  373,  427
           457010000,  373,  398
           457390000,  496,  370
           457510000,  496,  402
           457890000,  445,  434
           458010000,  445,  452
           458390000,  379,  470
           458510000,  379,  441
           458890000,  468,  412
           459010000,  468,  417
           459390000,  457,  423
           459510000,  457,  443
           459890000,  356,  462
           460010000,  356,  434
           460390000,  432,  406
           460510000,  432,  400
           460890000,  505,  394
           461010000,  505,  431
           461390000,  395,  468
           461510000,  395,  459
           461890000,  372,  450
           462010000,  372,  416
           462390000,  449,  383
           462510000,  449,  397
           462890000,  375,  410
           463010000,  375,  411
           463390000,  325,  412
           463510000,  325,  381
           463890000,  457,  350
           464010000,  457,  370
           464390000,  484,  391
           464510000,  484,  430
           464890000,  391,  470
           465010000,  391,  454
           465390000,  448,  437
           465510000,  448,  428
           465890000,  503,  419
           466010000,  503,  447
           466390000,  401,  475
           466510000,  401,  463
           466890000,  416,  452
           467010000,  416,  430
           467390000,  536,  408
           467510000,  536,  442
           467890000,  478,  476
           468010000,  478,  491
           468390000,  405,  507
           468510000,  405,  474
           468890000,  492,  441
           469010000,  492,  445
           469390000,  488,  448
           469510000,  488,  469
           469890000,  407,  490
           470010000,  407,  468
           470390000,  514,  447
           470510000,  514,  454
           470890000,  625,  460
           471010000,  625,  515
           471390000,  554,  569
           471510000,  554,  579
           471890000,  564,  589
           472010000,  564,  574
           472390000,  661,  559
           472510000,  661,  585
           472890000,  588,  612
           473010000,  588,  618
           473390000,  517,  624
           473510000,  517,  588
           473890000,  606,  552
           474010000,  606,  557
           474390000,  570,  561
           474510000,  570,  574
           474890000,  402,  588
           475010000,  402,  537
           475390000,  380,  486
           475510000,  380,  438
           475890000,  357,  391
           476010000,  357,  379
           476390000,  189,  368
           476510000,  189,  320
           476890000,  154,  273
           477010000,  154,  222
           477390000,  243,  171
           477510000,  243,  185
           477890000,  172,  198
           478010000,  172,  203
           478390000,  100,  207
           478510000,  100,  171
           478890000,  197,  136
           479010000,  197,  142
           479390000,  207,  148
           479510000,  207,  175
           479890000,  137,  202
           480010000,  137,  187
           480390000,  248,  172
           480510000,  248,  182
           480890000,  355,  192
           481010000,  355,  247
           481390000,  274,  301
           481510000,  274,  308
           481890000,  272,  314
           482010000,  272,  293
           482390000,  359,  273
           482510000,  359,  294
           482890000,  286,  315
           483010000,  286,  319
           483390000,  229,  322
           483510000,  229,  290
           483890000,  350,  257
           484010000,  350,  273
           484390000,  365,  289
           484510000,  365,  323
           484890000,  264,  357
           485010000,  264,  336
           485390000,  320,  314
           485510000,  320,  303
           485890000,  378,  292
           486010000,  378,  320
           486390000,  286,  349
           486510000,  286,  340
           486890000,  314,  332
           487010000,  314,  316
           487390000,  447,  300
           487510000,  447,  340
           487890000,  397,  380
           488010000,  397,  401
           488390000,  325,  422
           488510000,  325,  391
           488890000,  403,  361
           489010000,  403,  362
           489390000,  381,  364
           489510000,  381,  378
           489890000,  272,  392
           490010000,  272,  359
           490390000,  346,  326
           490510000,  346,  317
           490890000,  424,  309
           491010000,  424,  347
           491390000,  324,  385
           491510000,  324,  379
           491890000,  314,  374
           492010000,  314,  346
           492390000,  404,  319
           492510000,  404,  339
           492890000,  339,  359
           493010000,  339,  365
           493390000,  290,  371
           493510000,  290,  343
           493890000,  414,  314
           494010000,  414,  333
           494390000,  422,  352
           494510000,  422,  385
           494890000,  302,  418
           495010000,  302,  390
           495390000,  328,  362
           495510000,  328,  338
           495890000,  349,  315
           496010000,  349,  326
           496390000,  219,  338
           496510000,  219,  311
           496890000,  214,  284
           497010000,  214,  250
           497390000,  327,  216
           497510000,  327,  243
           497890000,  278,  270
           498010000,  278,  286
           498390000,  227,  302
           498510000,  227,  277
           498890000,  349,  252
           499010000,  349,  270
           499390000,  389,  288
           499510000,  389,  328
           499890000,  356,  369
           500010000,  356,  370
           500390000,  511,  372
           500510000,  511,  403
           500890000,  666,  433
           501010000,  666,  511
           501390000,  633,  588
           501510000,  633,  619
           501890000,  673,  649
           502010000,  673,  651
           502390000,  795,  653
           502510000,  795,  693
           502890000,  744,  734
           503010000,  744,  751
           503390000,  695,  769
           503510000,  695,  744
           503890000,  808,  719
           504010000,  808,  735
           504390000,  803,  751
           504510000,  803,  778
           504890000,  673,  805
           505010000,  673,  771
           505390000,  694,  738
           505510000,  694,  710
           505890000,  720,  683
           506010000,  720,  695
           506390000,  600,  707
           506510000,  600,  683
           506890000,  608,  660
           507010000,  608,  632
           507390000,  732,  604
           507510000,  732,  637
           507890000,  683,  670
           508010000,  683,  688
           508390000,  618,  707
           508510000,  618,  679
           508890000,  708,  650
           509010000,  708,  656
           509390000,  698,  663
           509510000,  698,  683
           509890000,  598,  703
           510010000,  598,  675
           510390000,  676,  648
           510510000,  676,  642
           510890000,  750,  637
           511010000,  750,  675
           511390000,  641,  713
           511510000,  641,  704
           511890000,  619,  695
           512010000,  619,  662
           512390000,  697,  630
           512510000,  697,  644
           512890000,  625,  658
           513010000,  625,  659
           513390000,  575,  661
           513510000,  575,  630
           513890000,  708,  600
           514010000,  708,  620
           514390000,  736,  641
           514510000,  736,  681
           514890000,  644,  722
           515010000,  644,  706
           515390000,  702,  690
           515510000,  702,  681
           515890000,  758,  673
           516010000,  758,  701
           516390000,  657,  730
           516510000,  657,  718
           516890000,  672,  707
           517010000,  672,  686
           517390000,  793,  664
           517510000,  793,  698
           517890000,  736,  732
           518010000,  736,  748
           518390000,  663,  764
           518510000,  663,  732
           518890000,  750,  699
           519010000,  750,  703
           519390000,  748,  706
           519510000,  748,  727
           519890000,  667,  749
           520010000,  667,  728
           520390000,  774,  707
           520510000,  774,  714
           520890000,  885,  720
           521010000,  885,  775
           521390000,  815,  829
           521510000,  815,  839
           521890000,  825,  850
           522010000,  825,  835
           522390000,  922,  820
           522510000,  922,  846
           522890000,  850,  873
           523010000,  850,  879
           523390000,  779,  886
           523510000,  779,  850
           523890000,  868,  814
           524010000,  868,  819
           524390000,  833,  823
           524510000,  833,  837
           524890000,  665,  850
           525010000,  665,  799
           525390000,  642,  749
           525510000,  642,  701
           525890000,  620,  653
           526010000,  620,  642
           526390000,  452,  631
           526510000,  452,  583
           526890000,  416,  536
           527010000,  416,  485
           527390000,  505,  434
           527510000,  505,  447
           527890000,  434,  460
           528010000,  434,  465
           528390000,  361,  469
           528510000,  361,  433
           528890000,  458,  397
           529010000,  458,  403
           529390000,  468,  409
           529510000,  468,  436
           529890000,  397,  463
           530010000,  397,  447
           530390000,  508,  432
           530510000,  508,  442
           530890000,  615,  452
           531010000,  615,  507
           531390000,  534,  561
           531510000,  534,  568
           531890000,  530,  574
           532010000,  530,  553
           532390000,  617,  532
           532510000,  617,  552
           532890000,  544,  573
           533010000,  544,  577
           533390000,  486,  580
           533510000,  486,  547
           533890000,  606,  515
           534010000,  606,  530
           534390000,  621,  546
           534510000,  621,  579
           534890000,  519,  613
           535010000,  519,  591
           535390000,  574,  570
           535510000,  574,  558
           535890000,  631,  546
           536010000,  631,  574
           536390000,  538,  602
           536510000,  538,  593
           536890000,  565,  584
           537010000,  565,  568
           537390000,  697,  551
           537510000,  697,  591
           537890000,  647,  631
           538010000,  647,  651
           538390000,  573,  672
           538510000,  573,  641
           538890000,  650,  610
           539010000,  650,  610
           539390000,  627,  611
           539510000,  627,  625
           539890000,  517,  638
           540010000,  517,  605
           540390000,  590,  572
           540510000,  590,  562
           540890000,  666,  553
           541010000,  666,  590
           541390000,  565,  628
           541510000,  565,  621
           541890000,  554,  615
           542010000,  554,  587
           542390000,  643,  559
           542510000,  643,  579
           542890000,  577,  598
           543010000,  577,  604
           543390000,  526,  610
           543510000,  526,  580
           543890000,  649,  551
           544010000,  649,  569
           544390000,  655,  587
           544510000,  655,  619
           544890000,  534,  652
           545010000,  534,  623
           545390000,  557,  594
           545510000,  557,  570
           545890000,  577,  545
           546010000,  577,  556
           546390000,  445,  567
           546510000,  445,  539
           546890000,  439,  511
           547010000,  439,  476
           547390000,  551,  442
           547510000,  551,  468
           547890000,  499,  495
           548010000,  499,  510
           548390000,  446,  525
           548510000,  446,  498
           548890000,  566,  472
           549010000,  566,  489
           549390000,  605,  506
           549510000,  605,  545
           549890000,  570,  585
           550010000,  570,  586
           550390000,  723,  587
           550510000,  723,  617
           550890000,  876,  646
           551010000,  876,  723
           551390000,  841,  799
           551510000,  841,  829
           551890000,  880,  858
           552010000,  880,  859
           552390000, 1000,  860
           552510000, 1000,  900
           552890000,  946,  940
           553010000,  946,  956
           553390000,  895,  973
           553510000,  895,  946
           553890000, 1006,  920
           554010000, 1006,  935
           554390000,  999,  950
           554510000,  999,  976
           554890000,  867, 1002
           555010000,  867,  967
           555390000,  886,  933
           555510000,  886,  904
           555890000,  909,  876
           556010000,  909,  887
           556390000,  786,  897
           556510000,  786,  872
           556890000,  792,  847
           557010000,  792,  818
           557390000,  914,  789
           557510000,  914,  821
           557890000,  862,  853
           558010000,  862,  870
           558390000,  795,  888
           558510000,  795,  858
           558890000,  883,  828
           559010000,  883,  833
           559390000,  870,  839
           559510000,  870,  857
           559890000,  768,  876
           560010000,  768,  847
           560390000,  843,  819
           560510000,  843,  812
           560890000,  915,  805
           561010000,  915,  842
           561390000,  803,  879
           561510000,  803,  869
           561890000,  779,  859
           562010000,  779,  825
           562390000,  854,  791
           562510000,  854,  803
           562890000,  779,  816
           563010000,  779,  816
           563390000,  727,  816
           563510000,  727,  784
           563890000,  857,  753
           564010000,  857,  772
           564390000,  882,  792
           564510000,  882,  830
           564890000,  787,  869
           565010000,  787,  852
           565390000,  843,  834
           565510000,  843,  824
           565890000,  895,  815
           566010000,  895,  842
           566390000,  791,  869
           566510000,  791,  856
           566890000,  804,  843
           567010000,  804,  820
           567390000,  922,  797
           567510000,  922,  830
           567890000,  862,  863
           568010000,  862,  877
           568390000,  786,  892
           568510000,  786,  858
           568890000,  871,  824
           569010000,  871,  826
           569390000,  865,  828
           569510000,  865,  848
           569890000,  781,  868
           570010000,  781,  845
           570390000,  886,  823
           570510000,  886,  828
           570890000,  994,  833
           571010000,  994,  886
           571390000,  920,  940
           571510000,  920,  948
           571890000,  928,  957
           572010000,  928,  940
           572390000, 1022,  924
           572510000, 1022,  949
           572890000,  946,  975
           573010000,  946,  979
           573390000,  872,  984
           573510000,  872,  946
           573890000,  958,  909
           574010000,  958,  912
           574390000,  920,  915
           574510000,  920,  927
           574890000,  749,  939
           575010000,  749,  886
           575390000,  723,  834
           575510000,  723,  785
           575890000,  698,  736
           576010000,  698,  723
           576390000,  526,  710
           576510000,  526,  661
           576890000,  488,  612
           577010000,  488,  559
           577390000,  574,  507
           577510000,  574,  519
           577890000,  499,  531
           578010000,  499,  533
           578390000,  423,  536
           578510000,  423,  498
           578890000,  517,  461
           579010000,  517,  465
           579390000,  524,  470
           579510000,  524,  495
           579890000,  450,  520
           580010000,  450,  503
           580390000,  557,  487
           580510000,  557,  495
           580890000,  661,  503
           581010000,  661,  556
           581390000,  576,  609
           581510000,  576,  613
           581890000,  570,  618
           582010000,  570,  595
           582390000,  654,  573
           582510000,  654,  592
           582890000,  577,  612
           583010000,  577,  613
           583390000,  516,  615
           583510000,  516,  581
           583890000,  633,  546
           584010000,  633,  560
           584390000,  644,  574
           584510000,  644,  606
           584890000,  539,  638
           585010000,  539,  615
           585390000,  590,  591
           585510000,  590,  578
           585890000,  644,  564
           586010000,  644,  590
           586390000,  548,  617
           586510000,  548,  606
           586890000,  572,  596
           587010000,  572,  578
           587390000,  700,  560
           587510000,  700,  598
           587890000,  647,  636
           588010000,  647,  654
           588390000,  570,  673
           588510000,  570,  641
           588890000,  644,  608
           589010000,  644,  607
           589390000,  617,  607
           589510000,  617,  618
           589890000,  504,  630
           590010000,  504,  595
           590390000,  574,  560
           590510000,  574,  549
           590890000,  647,  539
           591010000,  647,  574
           591390000,  542,  610
           591510000,  542,  602
           591890000,  528,  594
           592010000,  528,  564
           592390000,  613,  535
           592510000,  613,  552
           592890000,  544,  570
           593010000,  544,  574
           593390000,  490,  578
           593510000,  490,  547
           593890000,  609,  517
           594010000,  609,  533
           594390000,  613,  549
           594510000,  613,  580
           594890000,  488,  611
           595010000,  488,  580
           595390000,  508,  550
           595510000,  508,  524
           595890000,  525,  498
           596010000,  525,  507
           596390000,  390,  516
           596510000,  390,  487
           596890000,  380,  457
           597010000,  380,  421
           597390000,  489,  385
           597510000,  489,  409
           597890000,  434,  434
           598010000,  434,  448
           598390000,  378,  461
           598510000,  378,  433
           598890000,  495,  406
           599010000,  495,  421
           599390000,  530,  436
           599510000,  530,  474
           599890000,  492,  512
           600010000,  492,  511
           600390000,  642,  511
           600510000,  642,  539
           600890000,  792,  567
           601010000,  792,  642
           601390000,  754,  717
           601510000,  754,  745
           601890000,  789,  773
           602010000,  789,  772
           602390000,  906,  771
           602510000,  906,  809
           602890000,  850,  847
           603010000,  850,  862
           603390000,  795,  878
           603510000,  795,  850
           603890000,  904,  822
           604010000,  904,  836
           604390000,  893,  849
           604510000,  893,  874
           604890000,  758,  898
           605010000,  758,  862
           605390000,  774,  825
           605510000,  774,  795
           605890000,  794,  766
           606010000,  794,  775
           606390000,  669,  784
           606510000,  669,  757
           606890000,  672,  731
           607010000,  672,  701
           607390000,  790,  670
           607510000,  790,  700
           607890000,  736,  731
           608010000,  736,  747
           608390000,  666,  763
           608510000,  666,  732
           608890000,  751,  701
           609010000,  751,  704
           609390000,  735,  708
           609510000,  735,  725
           609890000,  630,  743
           610010000,  630,  712
           610390000,  702,  682
           610510000,  702,  674
           610890000,  771,  666
           611010000,  771,  701
           611390000,  657,  736
           611510000,  657,  725
           611890000,  630,  714
           612010000,  630,  678
           612390000,  703,  643
           612510000,  703,  655
           612890000,  625,  666
           613010000,  625,  665
           613390000,  570,  664
           613510000,  570,  630
           613890000,  698,  597
           614010000,  698,  615
           614390000,  720,  634
           614510000,  720,  671
           614890000,  623,  709
           615010000,  623,  690
           615390000,  676,  671
           615510000,  676,  660
           615890000,  726,  649
           616010000,  726,  675
           616390000,  619,  701
           616510000,  619,  686
           616890000,  629,  672
           617010000,  629,  648
           617390000,  745,  624
           617510000,  745,  655
           617890000,  683,  687
           618010000,  683,  700
           618390000,  604,  714
           618510000,  604,  678
           618890000,  687,  643
           619010000,  687,  644
           619390000,  679,  645
           619510000,  679,  664
           619890000,  592,  683
           620010000,  592,  659
           620390000,  694,  635
           620510000,  694,  639
           620890000,  800,  643
           621010000,  800,  695
           621390000,  725,  747
           621510000,  725,  754
           621890000,  730,  762
           622010000,  730,  745
           622390000,  822,  727
           622510000,  822,  751
           622890000,  744,  776
           623010000,  744,  779
           623390000,  668,  783
           623510000,  668,  744
           623890000,  752,  706
           624010000,  752,  708
           624390000,  712,  710
           624510000,  712,  721
           624890000,  539,  732
           625010000,  539,  678
           625390000,  511,  625
           625510000,  511,  575
           625890000,  483,  525
           626010000,  483,  511
           626390000,  310,  497
           626510000,  310,  446
           626890000,  270,  396
           627010000,  270,  343
           627390000,  354,  290
           627510000,  354,  301
           627890000,  278,  312
           628010000,  278,  314
           628390000,  200,  316
           628510000,  200,  277
           628890000,  292,  239
           629010000,  292,  242
           629390000,  297,  246
           629510000,  297,  270
           629890000,  222,  294
           630010000,  222,  277
           630390000,  328,  259
           630510000,  328,  267
           630890000,  430,  275
           631010000,  430,  327
           631390000,  343,  379
           631510000,  343,  382
           631890000,  335,  386
           632010000,  335,  362
           632390000,  418,  339
           632510000,  418,  357
           632890000,  339,  376
           633010000,  339,  377
           633390000,  277,  378
           633510000,  277,  343
           633890000,  393,  308
           634010000,  393,  321
           634390000,  403,  335
           634510000,  403,  366
           634890000,  296,  398
           635010000,  296,  373
           635390000,  346,  349
           635510000,  346,  335
           635890000,  399,  321
           636010000,  399,  346
           636390000,  302,  372
           636510000,  302,  361
           636890000,  324,  350
           637010000,  324,  331
           637390000,  452,  313
           637510000,  452,  350
           637890000,  397,  388
           638010000,  397,  406
           638390000,  319,  424
           638510000,  319,  391
           638890000,  392,  358
           639010000,  392,  356
           639390000,  365,  355
           639510000,  365,  367
           639890000,  251,  378
           640010000,  251,  343
           640390000,  320,  308
           640510000,  320,  296
           640890000,  392,  285
           641010000,  392,  320
           641390000,  287,  356
           641510000,  287,  347
           641890000,  271,  339
           642010000,  271,  309
           642390000,  356,  279
           642510000,  356,  296
           642890000,  286,  313
           643010000,  286,  317
           643390000,  232,  321
           643510000,  232,  290
           643890000,  350,  259
           644010000,  350,  275
           644390000,  353,  291
           644510000,  353,  321
           644890000,  228,  351
           645010000,  228,  321
           645390000,  248,  290
           645510000,  248,  264
           645890000,  264,  238
           646010000,  264,  247
           646390000,  129,  256
           646510000,  129,  226
           646890000,  118,  196
           647010000,  118,  160
           647390000,  227,  123
           647510000,  227,  148
           647890000,  172,  172
           648010000,  172,  186
           648390000,  116,  199
           648510000,  116,  171
           648890000,  233,  144
           649010000,  233,  159
           649390000,  268,  174
           649510000,  268,  212
           649890000,  230,  250
           650010000,  230,  249
           650390000,  380,  249
           650510000,  380,  277
           650890000,  530,  305
           651010000,  530,  380
           651390000,  492,  455
           651510000,  492,  483
           651890000,  527,  511
           652010000,  527,  510
           652390000,  644,  509
           652510000,  644,  547
           652890000,  588,  585
           653010000,  588,  600
           653390000,  533,  616
           653510000,  533,  588
           653890000,  642,  560
           654010000,  642,  574
           654390000,  632,  587
           654510000,  632,  612
           654890000,  497,  637
           655010000,  497,  600
           655390000,  514,  564
           655510000,  514,  535
           655890000,  534,  505
           656010000,  534,  514
           656390000,  409,  524
           656510000,  409,  497
           656890000,  413,  471
           657010000,  413,  441
           657390000,  532,  411
           657510000,  532,  441
           657890000,  478,  472
           658010000,  478,  488
           658390000,  409,  505
           658510000,  409,  474
           658890000,  494,  443
           659010000,  494,  447
           659390000,  480,  451
           659510000,  480,  469
           659890000,  375,  487
           660010000,  375,  457
           660390000,  448,  427
           660510000,  448,  419
           660890000,  518,  411
           661010000,  518,  447
           661390000,  405,  483
           661510000,  405,  472
           661890000,  378,  461
           662010000,  378,  426
           662390000,  452,  391
           662510000,  452,  403
           662890000,  375,  415
           663010000,  375,  414
           663390000,  322,  413
           663510000,  322,  381
           663890000,  450,  348
           664010000,  450,  367
           664390000,  474,  386
           664510000,  474,  424
           664890000,  378,  462
           665010000,  378,  444
           665390000,  432,  426
           665510000,  432,  415
           665890000,  483,  405
           666010000,  483,  431
           666390000,  378,  457
           666510000,  378,  444
           666890000,  389,  430
           667010000,  389,  407
           667390000,  506,  383
           667510000,  506,  415
           667890000,  445,  447
           668010000,  445,  461
           668390000,  368,  475
           668510000,  368,  441
           668890000,  452,  406
           669010000,  452,  408
           669390000,  446,  410
           669510000,  446,  429
           669890000,  361,  449
           670010000,  361,  426
           670390000,  465,  403
           670510000,  465,  408
           670890000,  572,  413
           671010000,  572,  465
           671390000,  498,  518
           671510000,  498,  526
           671890000,  505,  535
           672010000,  505,  518
           672390000,  599,  501
           672510000,  599,  526
           672890000,  523,  552
           673010000,  523,  556
           673390000,  448,  561
           673510000,  448,  523
           673890000,  534,  485
           674010000,  534,  488
           674390000,  496,  491
           674510000,  496,  503
           674890000,  324,  515
           675010000,  324,  462
           675390000,  299,  410
           675510000,  299,  360
           675890000,  273,  311
           676010000,  273,  298
           676390000,  102,  286
           676510000,  102,  236
           676890000,   64,  187
           677010000,   64,  135
           677390000,  150,   83
           677510000,  150,   95
           677890000,   76,  107
           678010000,   76,  110
           678390000,    0,  113
           678510000,    0,   75
           678890000,   94,   38
           679010000,   94,   42
           679390000,  102,   47
           679510000,  102,   72
           679890000,   28,   98
           680010000,   28,   81
           680390000,  136,   65
           680510000,  136,   73
           680890000,  241,   82
           681010000,  241,  135
           681390000,  157,  188
           681510000,  157,  193
           681890000,  151,  199
           682010000,  151,  176
           682390000,  236,  154
           682510000,  236,  173
           682890000,  160,  193
           683010000,  160,  195
           683390000,  100,  198
           683510000,  100,  164
           683890000,  218,  130
           684010000,  218,  144
           684390000,  231,  159
           684510000,  231,  191
           684890000,  127,  224
           685010000,  127,  201
           685390000,  179,  179
           685510000,  179,  166
           685890000,  235,  153
           686010000,  235,  180
           686390000,  140,  207
           686510000,  140,  197
           686890000,  165,  187
           687010000,  165,  170
           687390000,  295,  152
           687510000,  295,  191
           687890000,  243,  230
           688010000,  243,  249
           688390000,  168,  269
           688510000,  168,  237
           688890000,  243,  205
           689010000,  243,  205
           689390000,  219,  205
           689510000,  219,  218
           689890000,  107,  231
           690010000,  107,  197
           690390000,  179,  163
           690510000,  179,  153
           690890000,  254,  143
           691010000,  254,  179
           691390000,  152,  216
           691510000,  152,  209
           691890000,  139,  203
           692010000,  139,  174
           692390000,  227,  145
           692510000,  227,  164
           692890000,  160,  183
           693010000,  160,  188
           693390000,  108,  193
           693510000,  108,  163
           693890000,  230,  134
           694010000,  230,  151
           694390000,  236,  169
           694510000,  236,  201
           694890000,  113,  233
           695010000,  113,  203
           695390000,  136,  174
           695510000,  136,  149
           695890000,  155,  124
           696010000,  155,  135
           696390000,   23,  145
           696510000,   23,  117
           696890000,   16,   89
           697010000,   16,   54
           697390000,  127,   19
           697510000,  127,   45
           697890000,   76,   71
           698010000,   76,   86
           698390000,   22,  101
           698510000,   22,   75
           698890000,  142,   49
           699010000,  142,   65
           699390000,  181,   82
           699510000,  181,  121
           699890000,  146,  161
           700010000,  146,  162
           700390000,  299,  163
           700510000,  299,  193
           700890000,  452,  222
           701010000,  452,  299
           701390000,  417,  375
           701510000,  417,  405
           701890000,  456,  434
           702010000,  456,  435
           702390000,  576,  436
           702510000,  576,  476
           702890000,  523,  516
           703010000,  523,  532
           703390000,  471,  549
           703510000,  471,  523
           703890000,  583,  497
           704010000,  583,  512
           704390000,  577,  527
           704510000,  577,  553
           704890000,  445,  580
           705010000,  445,  545
           705390000,  465,  511
           705510000,  465,  483
           705890000,  488,  455
           706010000,  488,  465
           706390000,  367,  476
           706510000,  367,  452
           706890000,  373,  427
           707010000,  373,  398
           707390000,  496,  370
           707510000,  496,  402
           707890000,  445,  434
           708010000,  445,  452
           708390000,  379,  470
           708510000,  379,  441
           708890000,  468,  412
           709010000,  468,  417
           709390000,  457,  423
           709510000,  457,  443
           709890000,  356,  462
           710010000,  356,  434
           710390000,  432,  406
           710510000,  432,  400
           710890000,  505,  394
           711010000,  505,  431
           711390000,  395,  468
           711510000,  395,  459
           711890000,  372,  450
           712010000,  372,  416
           712390000,  449,  383
           712510000,  449,  397
           712890000,  375,  410
           713010000,  375,  411
           713390000,  325,  412
           713510000,  325,  381
           713890000,  457,  350
           714010000,  457,  370
           714390000,  484,  391
           714510000,  484,  430
           714890000,  391,  470
           715010000,  391,  454
           715390000,  448,  437
           715510000,  448,  428
           715890000,  503,  419
           716010000,  503,  447
           716390000,  401,  475
           716510000,  401,  463
           716890000,  416,  452
           717010000,  416,  430
           717390000,  536,  408
           717510000,  536,  442
           717890000,  478,  476
           718010000,  478,  491
           718390000,  405,  507
           718510000,  405,  474
           718890000,  492,  441
           719010000,  492,  445
           719390000,  488,  448
           719510000,  488,  469
           719890000,  407,  490
           720010000,  407,  468
           720390000,  514,  447
           720510000,  514,  454
           720890000,  625,  460
           721010000,  625,  515
           721390000,  554,  569
           721510000,  554,  579
           721890000,  564,  589
           722010000,  564,  574
           722390000,  661,  559
           722510000,  661,  585
           722890000,  588,  612
           723010000,  588,  618
           723390000,  517,  624
           723510000,  517,  588
           723890000,  606,  552
           724010000,  606,  557
           724390000,  570,  561
           724510000,  570,  574
           724890000,  402,  588
           725010000,  402,  537
           725390000,  380,  486
           725510000,  380,  438
           725890000,  357,  391
           726010000,  357,  379
           726390000,  189,  368
           726510000,  189,  320
           726890000,  154,  273
           727010000,  154,  222
           727390000,  243,  171
           727510000,  243,  185
           727890000,  172,  198
           728010000,  172,  203
           728390000,  100,  207
           728510000,  100,  171
           728890000,  197,  136
           729010000,  197,  142
           729390000,  207,  148
           729510000,  207,  175
           729890000,  137,  202
           730010000,  137,  187
           730390000,  248,  172
           730510000,  248,  182
           730890000,  355,  192
           731010000,  355,  247
           731390000,  274,  301
           731510000,  274,  308
           731890000,  272,  314
           732010000,  272,  293
           732390000,  359,  273
           732510000,  359,  294
           732890000,  286,  315
           733010000,  286,  319
           733390000,  229,  322
           733510000,  229,  290
           733890000,  350,  257
           734010000,  350,  273
           734390000,  365,  289
           734510000,  365,  323
           734890000,  264,  357
           735010000,  264,  336
           735390000,  320,  314
           735510000,  320,  303
           735890000,  378,  292
           736010000,  378,  320
           736390000,  286,  349
           736510000,  286,  340
           736890000,  314,  332
           737010000,  314,  316
           737390000,  447,  300
           737510000,  447,  340
           737890000,  397,  380
           738010000,  397,  401
           738390000,  325,  422
           738510000,  325,  391
           738890000,  403,  361
           739010000,  403,  362
           739390000,  381,  364
           739510000,  381,  378
           739890000,  272,  392
           740010000,  272,  359
           740390000,  346,  326
           740510000,  346,  317
           740890000,  424,  309
           741010000,  424,  347
           741390000,  324,  385
           741510000,  324,  379
           741890000,  314,  374
           742010000,  314,  346
           742390000,  404,  319
           742510000,  404,  339
           742890000,  339,  359
           743010000,  339,  365
           743390000,  290,  371
           743510000,  290,  343
           743890000,  414,  314
           744010000,  414,  333
           744390000,  422,  352
           744510000,  422,  385
           744890000,  302,  418
           745010000,  302,  390
           745390000,  328,  362
           745510000,  328,  338
           745890000,  349,  315
           746010000,  349,  326
           746390000,  219,  338
           746510000,  219,  311
           746890000,  214,  284
           747010000,  214,  250
           747390000,  327,  216
           747510000,  327,  243
           747890000,  278,  270
           748010000,  278,  286
           748390000,  227,  302
           748510000,  227,  277
           748890000,  349,  252
           749010000,  349,  270
           749390000,  389,  288
           749510000,  389,  328
           749890000,  356,  369
           750010000,  356,  370
           750390000,  356,  372
           750510000,  356,  364
           750890000,  356,  356
           751010000,  356,  356
