589
587
433
592
585
646
495
564
524
435
583
450
479
499
542
505
461
632
657
567
584
534
450
476
473
544
544
548
501
449
621
494
528
406
648
649
607
572
528
441
471
574
605
720
597
538
438
508
588
597
492
551
553
585
573
567
591
651
568
534
581
519
614
435
552
614
743
587
622
526
554
601
506
711
452
418
650
670
573
423
418
790
603
624
513
591
551
657
610
560
455
719
581
517
578
623
520
628
674
559
481
600
673
453
645
510
631
448
594
528
455
546
637
604
616
616
609
628
655
557
599
673
585
571
779
522
596
634
557
588
544
667
599
511
721
613
615
661
553
582
711
516
630
624
618
546
433
500
519
695
678
609
678
785
578
596
631
539
662
804
723
735
631
514
623
772
581
478
735
591
587
554
575
596
706
618
599
650
653
714
646
686
754
738
438
624
663
597
657
715
737
594
716
650
649
632
629
613
597
610
726
811
791
718
686
571
599
707
622
564
571
623
802
640
802
639
711
597
568
737
818
770
610
733
580
659
834
670
685
501
588
767
636
824
810
866
645
690
699
631
792
662
822
728
720
649
850
798
604
639
597
809
775
731
642
570
810
569
722
791
923
626
816
691
653
660
750
758
649
691
712
759
576
642
711
722
487
781
710
715
638
685
704
695
644
690
699
712
721
688
642
689
708
688
877
608
676
651
797
737
785
663
836
705
726
611
768
625
625
741
749
864
754
689
801
646
796
910
804
624
758
683
644
731
753
671
741
730
674
688
768
748
782
780
783
698
728
915
920
746
760
660
795
685
655
852
809
709
653
791
735
796
787
762
747
691
833
840
735
792
825
710
718
894
741
711
767
719
861
943
792
744
764
828
679
680
766
692
754
701
812
727
766
872
785
763
768
896
763
579
1010
705
737
820
623
674
728
741
702
848
849
804
720
712
761
738
810
738
555
681
804
855
737
692
967
815
768
890
904
764
699
852
767
832
900
689
799
728
689
756
729
754
871
624
666
772
649
829
895
845
804
821
786
758
745
782
769
797
826
862
746
732
833
705
802
811
801
876
730
879
674
704
591
731
663
752
844
774
849
863
759
760
657
832
752
910
863
721
820
766
761
846
611
699
622
748
782
817
707
990
595
711
912
804
865
709
861
608
913
763
782
868
733
814
922
758
858
875
664
923
778
726
825
820
954
796
798
855
820
730
681
733
844
804
960
684
799
719
720
747
787
846
617
830
875
794
646
801
780
747
693
800
782
677
848
765
708
796
846
795
678
719
718
861
758
910
903
827
899
646
824
785
880
935
712
800
776
789
713
712
755
724
826
671
707
727
631
632
696
788
719
921
816
630
835
879
845
831
823
794
812
835
741
817
775
669
676
820
832
832
898
738
851
760
883
741
750
651
778
666
765
873
584
672
604
824
794
644
818
820
788
850
764
716
757
789
734
680
840
801
609
892
655
774
674
816
774
730
822
636
894
743
679
876
780
688
823
704
821
868
723
671
625
745
771
789
832
744
741
689
539
697
548
583
901
693
833
714
788
764
682
673
835
589
711
939
643
733
695
670
636
613
667
730
784
760
741
729
785
852
700
827
769
854
641
730
655
885
547
716
681
719
654
767
768
725
776
648
848
637
846
759
644
829
626
981
844
575
658
616
675
707
748
788
642
551
650
611
733
635
915
750
658
672
656
817
659
745
517
775
673
638
763
687
763
783
642
703
628
611
628
732
679
768
663
686
788
716
750
553
580
627
562
746
754
603
675
657
546
602
702
633
693
725
696
641
723
756
673
686
775
594
586
685
712
798
657
723
705
831
640
709
595
691
860
759
600
670
609
575
701
581
685
587
780
765
620
690
753
636
675
635
658
723
571
738
680
703
619
706
752
569
697
685
767
553
561
739
682
629
716
559
657
557
559
592
663
658
525
638
491
557
514
631
554
649
548
752
702
564
546
548
622
686
697
513
729
594
699
702
556
723
537
727
717
633
657
667
512
674
505
486
681
677
717
607
607
555
632
604
561
573
554
564
636
656
622
542
682
629
555
521
691
594
660
483
525
623
547
497
672
476
811
492
688
557
578
580
652
536
603
618
497
666
567
579
417
501
615
728
691
700
613
515
563
537
571
673
663
688
632
555
588
657
539
596
555
627
496
545
430
567
497
433
605
613
713
603
573
611
590
571
591
670
543
478
554
665
507
468
645
683
580
776
396
543
490
644
615
612
558
648
444
490
608
503
471
479
552
522
602
386
551
497
666
612
635
387
584
405
530
703
455
583
520
424
452
382
477
496
543
448
540
407
586
561
567
450
472
413
463
553
369
647
437
581
487
428
525
500
493
514
542
475
487
455
509
444
546
383
470
427
574
521
383
465
478
527
606
520
349
444
552
340
462
454
535
593
569
481
475
553
588
449
532
518
489
561
472
491
316
600
434
324
446
427
443
427
398
477
436
510
441
512
382
507
318
337
434
492
489
385
406
392
353
436
444
368
374
546
401
411
382
450
361
402
314
225
386
595
330
312
409
418
290
589
471
225
471
484
385
413
260
333
348
423
422
456
337
427
473
393
207
536
319
299
454
188
558
370
316
285
494
426
430
512
235
324
409
502
434
258
301
410
395
295
425
449
505
345
424
517
324
408
362
342
196
377
451
342
364
294
360
341
440
463
487
339
485
386
402
299
509
328
477
483
462
394
238
308
305
262
204
419
246
337
390
369
293
523
439
277
403
294
373
419
455
446
322
177
263
319
263
499
271
231
245
412
422
374
368
361
344
330
323
322
428
236
262
365
167
383
321
264
288
283
355
297
254
296
82
249
278
455
414
248
311
332
274
275
299
267
298
407
359
383
410
249
235
337
314
293
294
346
210
395
330
323
272
298
175
276
403
342
378
313
314
430
243
299
328
290
230
304
442
239
278
394
262
326
308
327
330
345
324
263
143
347
420
203
222
317
266
487
438
479
296
410
241
275
345
224
217
261
365
181
334
325
283
383
294
173
447
243
384
300
452
158
263
269
218
288
359
337
240
157
346
40
334
162
363
353
418
315
257
190
219
153
252
176
293
302
131
462
166
150
334
302
250
289
232
399
195
354
351
271
234
199
519
320
180
236
402
196
204
280
270
250
234
309
243
217
248
317
316
283
326
300
282
193
286
212
385
216
259
177
227
335
287
159
319
218
316
123
195
260
200
203
171
255
263
383
436
180
134
217
178
290
420
234
330
406
164
295
146
393
183
161
122
53
202
91
178
320
130
179
121
240
258
251
204
191
247
345
234
124
364
253
216
229
298
295
284
137
307
360
196
198
229
262
334
393
263
280
280
327
161
174
273
343
266
295
229
301
217
291
230
72
392
239
336
228
238
403
171
303
177
265
323
297
294
298
283
179
144
270
270
309
242
308
315
227
332
246
275
121
68
248
192
173
391
153
161
191
178
208
273
266
258
297
173
321
333
266
156
168
384
356
318
283
200
294
242
334
153
293
236
238
272
250
374
283
306
187
181
259
262
289
293
305
252
277
161
220
186
197
187
232
216
340
434
397
133
268
169
215
300
39
131
171
277
203
346
158
177
293
228
350
169
323
126
208
380
141
267
331
309
212
163
373
318
338
357
351
214
177
232
241
395
107
69
201
337
329
383
301
220
350
340
320
309
189
175
271
470
145
220
307
193
273
323
265
209
293
386
208
377
307
142
197
261
276
253
326
212
275
267
244
293
334
314
302
142
361
261
325
199
178
304
205
492
398
255
259
492
176
247
244
87
279
326
323
364
260
399
330
465
161
241
397
163
301
308
184
204
342
363
231
259
181
362
202
277
282
328
418
281
320
174
362
105
410
393
282
254
277
226
383
354
323
359
266
426
248
384
160
254
124
368
301
328
301
377
331
321
261
337
246
262
388
328
381
290
226
224
255
238
399
333
241
418
394
254
229
322
357
340
133
413
183
311
371
270
279
311
156
276
242
131
340
195
255
398
413
332
399
256
437
345
314
208
337
371
318
359
191
362
198
272
402
237
280
235
244
219
313
301
291
396
456
333
253
463
358
306
406
343
290
338
125
152
394
181
325
228
260
434
385
390
385
470
335
352
387
318
264
459
318
368
362
376
371
369
289
384
209
339
357
316
288
322
312
408
371
434
362
270
476
334
379
325
414
510
319
243
429
329
320
406
349
458
472
441
366
423
310
329
273
287
370
498
378
573
368
398
339
322
337
386
472
356
322
292
192
266
373
395
383
472
529
347
510
195
157
465
519
193
368
432
444
398
466
477
459
459
398
376
430
428
448
363
470
455
487
447
444
490
428
356
370
372
427
429
370
437
418
253
419
366
464
437
392
422
438
398
416
303
426
459
456
392
409
387
466
398
429
499
538
329
538
380
358
309
418
448
401
533
430
524
419
513
446
358
381
464
532
332
330
380
393
419
362
526
484
499
376
556
293
543
401
443
447
539
532
555
427
546
370
596
551
321
554
444
427
507
435
369
644
541
445
316
379
644
483
439
638
473
591
388
340
417
358
584
484
492
419
411
492
521
342
581
526
424
616
522
480
459
467
452
551
391
622
650
600
487
514
550
500
525
553
487
496
622
434
478
475
547
700
512
365
626
565
644
560
612
495
450
539
492
569
503
516
521
454
461
574
471
523
594
617
536
552
519
598
643
690
390
489
692
536
458
564
469
644
602
575
525
441
456
708
392
630
621
619
448
529
633
572
674
442
461
780
501
653
512
493
461
452
667
614
581
518
746
622
517
580
463
623
565
490
577
570
545
699
606
572
515
512
610
545
775
636
657
570
678
596
648
653
738
539
579
576
584
448
583
567
587
674
469
881
770
629
788
550
560
687
477
750
640
663
708
492
666
676
724
700
641
639
547
599
602
713
634
584
716
730
635
615
510
737
580
607
636
721
755
811
462
723
676
721
586
626
727
510
522
611
611
646
575
679
543
745
672
709
605
582
541
629
638
768
735
756
600
666
733
775
629
630
520
609
706
636
610
697
566
596
596
749
841
839
471
632
692
743
746
625
646
597
689
466
719
474
633
851
816
741
581
749
615
729
603
580
699
677
608
530
770
679
635
729
592
691
774
511
664
670
624
591
629
715
771
632
686
649
853
661
866
579
682
560
700
596
785
651
576
858
645
619
702
749
763
792
628
599
737
635
721
793
771
693
639
693
824
724
844
586
808
761
724
674
860
769
627
652
602
714
677
740
753
626
911
670
663
686
665
726
731
697
691
735
807
785
723
727
714
778
735
761
628
745
757
630
598
760
836
814
792
600
658
784
687
685
795
862
691
741
670
798
786
933
746
775
689
785
699
758
597
826
593
820
675
773
812
744
693
693
865
768
779
757
800
791
628
772
937
629
828
752
827
826
786
757
855
778
799
778
728
826
709
890
803
744
768
827
675
730
820
748
657
779
795
612
750
791
617
678
840
767
917
647
845
725
749
746
709
782
731
872
740
827
835
630
672
715
812
831
818
728
820
730
753
755
877
705
732
795
913
605
776
716
687
658
788
703
634
763
666
860
671
810
714
800
653
744
705
815
673
706
672
816
758
755
715
894
828
821
961
792
764
845
615
712
836
846
852
606
810
902
848
745
665
605
796
740
836
934
755
696
715
778
654
696
812
900
865
733
720
556
831
676
648
633
883
727
727
734
782
768
796
694
699
745
768
796
741
924
893
834
891
786
644
961
801
864
728
779
828
814
737
861
789
846
785
809
791
790
722
751
627
778
796
708
833
780
777
787
785
646
685
739
811
749
840
771
748
795
832
759
643
835
803
676
686
718
783
830
876
797
685
866
766
573
637
671
731
835
843
875
820
830
738
701
769
788
843
828
709
834
666
675
714
783
803
668
772
741
843
660
589
871
771
695
778
599
683
769
818
617
748
704
894
877
732
724
893
757
661
808
755
734
754
734
714
716
840
850
711
686
640
674
872
834
769
757
770
850
654
636
727
655
735
741
826
722
714
899
809
990
699
809
729
732
709
840
746
810
765
704
838
667
840
794
709
782
685
741
762
871
631
716
709
653
867
820
746
702
851
655
706
874
754
620
728
782
875
716
768
869
598
775
838
752
692
693
746
881
900
674
671
693
773
642
704
730
683
755
555
699
743
693
660
777
796
905
879
694
699
740
733
702
824
675
639
692
742
789
752
801
788
758
730
654
694
850
669
643
688
829
665
799
771
707
822
700
801
717
698
563
779
814
701
672
727
793
681
650
738
548
720
819
623
721
810
673
739
699
674
668
708
677
715
614
789
787
708
843
483
878
730
788
565
748
509
705
865
608
560
637
643
713
733
700
721
782
696
672
769
794
769
645
740
751
626
774
639
841
683
711
701
636
787
688
676
677
733
639
559
731
627
706
713
705
565
670
864
669
709
594
597
607
752
620
647
522
571
752
753
648
680
603
756
589
569
689
892
600
678
697
570
606
577
653
542
621
635
705
539
748
694
638
643
643
682
578
763
638
662
537
588
721
638
733
509
577
638
658
749
717
707
684
594
713
739
589
553
677
630
574
614
534
537
506
682
521
623
495
469
566
629
631
694
608
485
607
548
524
611
446
627
592
491
486
483
628
585
595
683
733
475
527
500
596
480
549
435
555
478
664
585
725
621
566
677
661
464
497
659
460
547
626
448
706
474
627
703
506
523
495
634
527
757
713
440
639
592
533
407
447
457
599
483
475
493
517
554
670
532
510
553
493
519
560
542
439
374
495
583
589
605
651
643
501
630
614
451
529
500
650
540
482
469
335
435
472
419
544
709
541
560
476
463
609
588
570
671
503
561
561
485
509
518
491
421
488
534
421
409
490
438
494
399
498
495
574
602
443
700
468
520
492
451
553
507
570
551
465
635
375
392
618
505
539
417
449
506
427
564
439
402
385
505
533
560
450
470
538
473
467
375
433
453
480
425
371
487
665
542
502
456
409
470
503
494
490
349
401
396
584
451
505
385
324
500
472
462
379
460
417
438
539
461
509
391
549
433
386
469
449
435
351
401
376
572
447
546
462
495
378
443
346
387
342
369
409
335
443
396
460
331
460
405
483
408
288
477
282
344
557
415
481
311
410
323
403
398
446
340
301
346
449
512
411
409
452
301
380
441
422
409
409
282
496
600
286
321
430
433
432
398
409
388
448
302
472
296
221
197
304
449
353
393
464
348
376
537
193
448
289
412
245
304
386
298
519
146
343
415
361
397
371
330
416
432
302
379
321
347
380
426
257
456
336
414
518
230
291
491
396
397
521
368
383
283
412
291
375
425
259
307
367
313
183
369
399
330
349
470
415
429
325
391
360
311
442
336
199
273
481
303
411
382
551
345
257
429
213
442
240
379
410
350
327
256
301
379
289
166
207
257
383
402
331
370
355
375
378
448
258
298
373
97
346
296
295
234
287
430
216
453
357
290
327
337
434
459
244
376
206
372
447
386
335
190
215
275
316
224
219
204
219
335
344
348
432
299
225
329
270
247
310
340
211
296
201
345
352
384
400
216
224
350
333
274
177
245
230
354
342
311
299
229
240
289
267
229
313
146
299
173
318
325
292
163
207
299
194
279
306
353
322
249
236
201
159
213
304
270
275
219
217
295
253
277
259
311
399
180
327
192
279
257
405
184
268
318
287
210
115
273
302
401
202
181
250
215
297
198
267
311
375
206
287
267
237
359
220
355
250
244
336
332
327
185
139
425
312
132
212
196
281
221
327
351
126
241
320
219
374
66
200
270
326
328
343
418
328
215
320
217
223
262
289
264
302
292
350
270
252
307
123
236
236
228
261
197
169
222
260
219
179
239
221
371
204
246
235
298
255
262
286
210
182
227
175
313
360
204
280
357
218
198
262
200
263
240
254
236
354
132
176
293
303
305
193
293
235
399
252
209
363
263
206
173
179
186
296
369
183
95
219
184
286
205
61
267
191
262
210
231
226
234
41
90
239
227
358
169
256
271
227
249
233
248
107
298
279
252
309
258
295
110
316
123
302
349
121
188
128
327
271
304
100
254
287
214
314
205
226
467
339
283
202
198
180
420
181
257
278
216
264
290
256
123
240
247
274
161
176
201
249
251
176
303
211
237
246
297
133
243
264
196
310
164
216
136
230
216
254
202
180
221
246
355
113
297
140
126
385
322
343
407
110
297
412
190
301
289
222
167
291
269
357
375
316
219
294
178
377
154
186
127
36
263
289
190
167
290
203
408
250
166
225
399
268
253
278
164
269
238
254
352
265
348
268
150
228
371
430
371
284
206
390
188
181
337
164
263
345
308
255
351
268
361
263
213
184
280
230
317
195
282
229
313
260
238
338
236
158
270
249
197
204
256
363
301
163
437
397
243
189
258
329
273
383
110
114
332
321
269
242
268
308
393
325
239
242
208
492
217
206
210
258
215
301
180
284
303
359
400
145
397
295
291
129
379
369
335
184
203
312
239
187
216
324
323
210
289
447
428
196
502
360
345
356
318
178
213
192
465
402
311
324
315
372
426
257
271
267
425
368
266
303
359
328
177
206
247
376
299
282
374
355
295
361
378
247
229
191
285
407
356
380
390
391
187
486
394
448
342
278
308
461
298
367
251
379
397
476
268
389
321
222
368
292
479
259
404
260
324
279
467
250
454
391
375
252
299
326
422
320
387
308
412
441
242
493
528
342
343
425
305
375
433
430
316
263
453
323
319
304
526
308
405
327
288
431
480
333
330
317
390
167
426
411
576
355
368
425
418
503
368
237
396
310
456
492
336
406
529
425
439
582
355
397
452
357
374
429
259
482
363
426
339
573
480
441
440
317
433
339
366
402
398
337
523
563
416
397
372
320
434
298
384
395
391
422
302
473
409
343
382
399
352
304
488
499
500
366
396
510
374
453
339
347
408
379
492
427
396
417
417
479
362
505
539
392
498
495
367
438
441
416
398
639
509
495
399
417
546
339
449
408
529
461
542
486
550
470
401
459
393
477
401
485
552
386
438
448
496
484
354
466
493
531
409
593
702
482
501
369
332
447
541
370
537
503
491
504
554
439
410
560
485
440
379
468
583
638
564
475
419
535
502
352
746
590
507
426
509
519
525
723
404
291
436
488
566
526
521
458
539
472
537
496
410
465
650
520
522
561
451
612
504
411
624
572
593
493
477
560
588
421
503
584
453
522
419
629
574
468
545
508
581
470
422
483
676
609
594
639
601
491
476
527
518
663
614
636
681
592
586
546
627
645
529
419
524
644
672
549
799
566
480
741
368
655
546
579
576
645
551
685
488
554
544
626
505
600
434
549
522
544
718
757
574
509
623
458
569
611
547
595
464
896
504
599
553
633
551
600
651
522
583
548
465
578
467
530
725
590
667
545
648
625
677
458
683
561
557
544
530
714
660
579
664
591
598
584
614
645
749
553
620
710
540
760
679
711
576
475
725
530
627
622
704
681
568
482
577
500
655
586
604
616
616
723
746
521
503
660
739
717
727
680
650
767
532
755
444
836
744
656
622
700
546
595
696
644
790
587
599
647
667
648
654
625
616
560
560
724
767
670
586
728
668
630
655
672
536
643
595
571
786
681
596
642
679
657
701
705
617
616
727
685
660
641
767
710
749
672
628
709
524
722
711
660
649
713
774
731
599
674
569
557
773
735
759
677
688
751
728
671
662
674
725
668
700
676
716
750
670
870
842
851
752
819
727
695
495
715
638
511
741
612
779
700
692
664
723
654
728
616
724
662
650
661
883
711
769
809
625
594
760
671
680
753
605
601
608
689
641
658
678
684
643
679
827
860
713
658
848
813
667
710
702
739
651
736
737
683
858
810
748
699
697
853
793
773
796
872
718
813
750
769
824
884
768
831
907
824
927
717
799
758
713
672
888
731
829
726
748
732
822
799
708
850
772
807
780
793
867
630
803
836
617
671
776
888
650
1022
682
848
645
745
872
701
655
753
781
806
713
735
882
809
817
759
699
851
744
655
772
647
732
798
665
834
586
834
976
859
784
864
745
770
779
691
665
784
771
808
660
745
730
707
772
870
799
618
773
710
729
778
901
825
731
914
781
631
653
817
752
592
777
747
874
879
656
727
794
875
750
929
695
821
754
693
723
833
690
877
746
768
715
732
557
710
903
733
803
594
794
694
882
760
805
808
859
659
663
786
847
744
779
862
786
762
754
730
758
725
750
859
640
949
698
788
960
787
671
824
775
670
754
797
740
810
735
720
770
908
747
770
827
849
669
713
872
745
760
626
815
828
764
725
827
635
674
807
732
822
764
665
859
842
773
772
771
807
801
841
827
695
854
752
846
840
593
726
827
771
888
865
835
947
727
747
675
829
731
692
816
644
757
800
723
591
725
809
752
762
721
776
749
755
764
764
792
782
885
825
712
677
756
770
675
772
701
737
800
736
671
675
784
760
866
727
835
754
712
634
720
707
691
747
729
751
739
720
700
715
670
667
734
747
714
784
732
786
741
716
850
535
889
717
624
824
790
517
728
806
788
667
724
633
690
699
876
729
769
711
816
859
831
869
673
733
680
769
695
837
820
747
680
667
822
727
817
759
758
693
828
666
653
841
510
691
847
809
676
739
639
746
865
643
738
756
625
831
625
635
544
649
758
767
677
729
741
752
740
839
729
741
709
691
819
553
800
825
803
847
663
641
637
822
748
723
669
625
648
763
895
600
723
605
883
876
737
793
700
762
635
680
844
589
604
679
647
694
786
627
646
796
713
658
803
704
749
738
636
807
734
692
669
793
682
775
738
774
694
686
558
686
672
670
723
693
590
697
573
794
649
866
836
714
596
811
740
563
855
691
773
722
698
841
666
667
571
761
721
669
679
739
650
679
721
792
609
806
588
640
738
740
693
687
478
717
685
786
760
550
647
684
733
693
565
686
894
784
589
678
628
802
520
705
630
696
646
739
781
582
740
682
700
710
757
544
488
621
688
591
607
620
626
686
619
713
733
652
707
618
644
705
468
619
556
588
679
744
733
542
606
596
571
583
556
723
849
629
592
516
657
545
602
545
602
665
567
654
675
732
709
664
622
605
655
648
601
576
598
615
623
562
735
656
727
546
650
585
645
585
711
693
531
757
603
511
580
673
471
569
590
745
555
595
593
616
708
597
619
684
575
663
493
717
634
601
608
624
525
487
703
650
628
520
515
595
471
480
449
558
575
529
569
552
458
560
786
628
539
576
618
556
622
633
651
695
603
499
565
610
651
541
430
637
523
567
519
418
607
550
596
490
548
532
619
490
601
544
470
465
670
528
516
610
510
706
413
516
393
443
486
423
485
523
505
612
525
611
545
445
426
541
554
634
557
434
592
535
639
613
447
369
551
487
551
642
462
519
493
505
517
595
462
481
586
317
514
490
626
560
468
605
558
583
451
491
526
464
655
606
488
539
584
367
576
559
512
485
516
468
475
636
566
461
293
472
486
439
674
468
434
683
497
309
463
603
518
415
393
398
422
467
580
451
366
419
387
454
465
527
446
549
515
539
515
500
470
479
584
438
495
557
353
499
309
428
406
518
579
585
493
545
480
288
351
318
548
548
396
427
445
432
396
302
411
398
443
493
431
583
485
545
538
375
463
474
497
323
320
411
492
399
458
339
435
439
431
428
479
388
452
527
472
482
408
593
440
669
388
416
590
398
443
431
465
488
404
508
407
415
464
409
474
495
544
437
355
466
327
484
270
468
402
427
425
397
436
362
405
403
536
426
439
390
372
296
451
469
333
308
395
325
311
337
563
254
402
491
309
409
440
379
416
245
366
124
444
308
308
355
375
283
499
368
296
437
366
515
307
334
236
354
361
377
297
313
354
532
425
348
405
423
385
409
336
326
347
326
285
354
482
428
357
228
269
377
210
411
331
474
281
277
226
294
275
406
270
320
439
221
345
343
409
286
554
263
303
394
352
387
308
240
311
387
194
253
303
147
306
287
342
390
309
308
409
311
267
297
275
87
284
270
355
307
332
332
293
288
208
243
346
320
336
409
258
326
263
303
423
277
310
355
367
257
346
335
260
233
351
410
287
271
309
396
280
263
317
255
151
279
267
318
325
336
226
279
345
244
208
295
377
270
277
399
207
387
293
383
253
228
245
207
433
280
389
196
177
287
261
325
293
291
333
331
133
280
269
185
239
256
262
335
302
285
386
413
287
324
356
389
360
111
326
265
386
338
260
247
309
363
325
283
314
203
181
166
242
327
267
183
307
267
248
221
143
269
280
308
348
375
127
235
357
163
290
186
167
267
212
250
185
325
38
335
194
289
341
195
300
248
208
321
349
158
141
228
276
362
196
194
174
157
339
288
210
245
93
198
319
188
279
329
298
241
191
356
211
307
385
223
128
384
212
314
446
347
307
212
218
332
269
301
124
186
192
245
281
254
128
211
285
247
265
177
333
170
302
227
373
286
261
279
77
237
287
249
239
205
353
190
389
277
226
213
178
273
180
387
358
251
372
310
296
323
215
314
413
187
250
139
155
232
91
118
168
223
225
280
239
273
74
210
232
175
214
275
206
313
233
336
268
217
254
347
329
234
317
76
323
208
318
363
264
269
245
70
243
182
427
254
246
200
289
237
381
240
244
311
350
378
331
262
271
278
164
183
154
414
112
79
295
387
211
257
352
126
283
115
349
266
330
310
199
258
323
260
326
297
72
285
265
251
404
223
363
226
267
421
340
320
246
189
149
346
309
276
298
187
236
248
108
288
235
291
333
286
137
184
177
326
352
383
423
322
288
333
236
306
243
228
233
296
266
182
136
126
363
400
52
296
319
220
298
321
185
158
315
232
258
324
470
213
363
260
262
212
254
376
418
347
272
338
253
396
83
312
215
304
163
242
205
81
249
292
420
277
232
269
323
390
201
244
341
171
245
218
228
312
415
134
317
222
191
200
237
284
193
219
292
266
328
505
263
225
283
235
237
311
254
296
324
332
452
238
229
332
276
381
337
341
199
219
169
424
242
325
378
325
298
312
246
232
262
208
358
364
331
183
257
478
363
97
352
208
438
226
373
351
381
442
299
93
290
434
434
304
347
409
390
245
365
438
371
276
288
325
247
288
268
208
356
380
498
266
247
358
305
352
399
382
393
574
226
379
299
284
419
578
353
236
239
392
452
375
317
384
407
332
265
368
228
282
290
267
341
359
403
497
355
231
467
463
301
302
366
295
344
374
329
366
292
357
433
391
366
270
186
384
487
302
457
397
387
277
338
304
505
427
313
490
278
440
308
281
380
139
271
240
597
519
265
181
436
407
433
439
302
390
359
456
494
279
356
361
445
384
502
475
304
370
376
400
552
383
448
256
296
256
402
462
437
515
241
398
520
394
493
348
516
289
319
373
416
555
433
535
470
401
394
425
401
522
314
548
444
513
518
420
439
322
371
379
390
517
480
522
415
304
392
277
379
425
416
473
371
479
434
502
412
513
385
538
469
418
554
493
403
401
454
305
368
449
529
445
452
531
490
393
411
610
360
544
420
529
427
485
617
356
306
495
487
310
465
327
573
596
547
470
398
477
402
455
446
428
331
441
431
439
453
422
377
404
420
378
490
611
442
562
365
650
479
455
375
527
613
456
561
596
411
569
323
489
489
449
428
590
521
583
486
541
483
511
519
521
570
350
540
539
448
495
594
516
530
573
542
512
539
450
504
466
414
450
341
476
569
581
623
484
480
455
492
601
500
461
585
551
647
518
530
610
641
551
637
587
506
417
596
530
443
705
588
538
530
483
560
526
666
488
654
538
455
666
529
686
526
470
566
637
542
538
547
561
689
625
519
568
533
520
588
541
555
673
617
482
551
635
647
610
600
635
586
686
614
607
454
685
584
476
670
541
692
579
648
613
497
652
642
621
621
748
642
612
536
596
639
673
630
583
625
564
689
543
502
554
581
654
600
523
574
569
709
555
568
520
597
698
623
521
651
562
645
643
595
532
684
625
528
493
691
576
628
697
628
605
670
626
650
497
511
549
618
812
569
717
761
524
630
621
775
694
697
899
654
712
616
647
604
615
633
579
600
604
543
702
737
619
645
491
593
528
729
548
757
644
716
564
779
844
792
728
682
594
618
662
627
602
714
686
683
639
880
592
601
690
705
586
603
597
657
635
686
665
625
591
704
730
709
665
818
765
721
642
632
753
754
695
599
633
606
736
658
770
568
730
601
565
620
726
796
750
731
752
629
653
561
706
657
747
613
768
715
821
719
717
673
594
633
641
767
654
726
793
615
669
498
612
839
715
679
617
755
736
818
719
815
883
771
661
753
898
721
690
789
785
715
590
817
829
664
884
586
659
785
650
662
649
749
774
694
721
736
789
628
641
636
752
772
691
700
695
799
776
800
769
742
809
784
692
674
745
721
771
774
692
746
648
702
684
733
739
727
706
739
735
602
632
777
796
793
774
798
742
774
750
635
867
812
746
758
723
687
777
680
684
801
633
923
766
620
742
650
723
744
721
678
838
793
701
729
968
744
732
637
705
693
897
677
771
707
693
706
704
744
893
858
983
691
736
655
831
845
660
864
772
748
586
720
622
853
850
637
811
703
595
777
841
816
689
611
823
805
755
797
864
747
767
667
809
901
744
778
711
857
805
773
757
683
769
701
849
844
651
778
707
677
802
796
823
723
633
816
764
745
661
768
765
861
762
845
845
843
776
787
694
821
754
800
796
952
832
796
934
862
842
798
662
743
809
884
914
751
738
848
858
839
681
912
666
706
764
660
982
736
854
725
906
793
730
779
773
697
792
662
881
701
778
724
840
778
680
595
737
675
884
787
785
823
669
957
827
821
841
854
678
765
837
750
903
819
722
726
780
730
673
794
733
879
851
668
970
842
848
830
875
759
766
803
849
807
746
767
799
880
720
806
721
933
761
661
836
830
807
905
601
678
793
868
807
754
642
828
807
841
789
948
821
879
645
840
615
655
831
712
746
781
661
708
776
696
753
806
840
681
949
591
843
753
841
809
714
864
589
631
793
720
791
674
925
802
681
871
726
767
816
797
777
739
814
867
662
785
779
621
802
837
675
673
702
876
833
864
804
609
769
720
733
871
769
572
798
716
698
881
689
626
763
889
685
681
824
651
512
740
692
654
702
783
671
716
718
702
943
685
779
596
794
630
714
777
705
765
806
763
799
720
755
707
770
596
781
746
668
789
735
693
811
681
767
692
712
834
706
619
780
692
814
694
765
795
693
717
698
731
770
689
623
718
679
789
660
848
653
693
753
698
570
875
657
802
802
839
766
682
807
731
526
654
823
670
827
797
723
607
720
724
502
662
704
677
726
843
588
743
642
754
584
716
724
743
708
641
706
783
697
753
708
741
711
780
680
703
811
751
563
738
699
736
633
597
675
530
844
649
683
427
654
583
754
735
645
647
684
745
629
633
531
794
699
652
648
652
717
584
704
543
686
639
676
717
710
726
732
796
743
511
762
610
765
696
593
613
619
692
667
666
699
651
655
652
684
601
660
642
550
694
700
697
723
656
630
663
500
620
611
628
634
752
650
721
625
667
736
656
586
598
606
551
721
528
553
657
493
556
601
737
561
529
645
436
616
718
574
537
594
574
582
571
688
759
458
543
643
569
605
668
666
538
578
647
649
310
541
615
682
823
579
645
526
661
613
619
586
694
665
563
549
554
605
499
502
665
397
550
480
489
564
497
505
549
526
708
639
803
446
625
585
479
510
669
612
632
638
697
729
678
538
698
649
644
504
549
718
574
530
562
479
578
547
717
587
477
595
648
504
459
598
448
669
609
532
409
485
444
452
432
580
543
600
536
536
523
458
573
552
629
609
567
639
640
412
599
453
423
469
546
533
625
584
470
511
629
546
644
488
425
584
466
531
569
317
529
368
445
588
549
578
698
617
675
385
657
489
530
586
568
489
470
407
497
612
574
525
481
363
519
404
467
536
373
445
579
437
334
420
496
473
463
400
437
467
611
475
563
452
582
527
536
570
553
369
576
542
338
437
391
561
483
462
448
388
677
323
457
552
476
526
426
372
461
457
379
490
529
429
506
619
441
496
298
544
468
545
428
355
395
499
386
413
452
493
365
528
418
456
333
467
589
381
457
474
570
440
545
431
430
465
395
579
443
407
491
402
465
365
452
543
370
593
373
475
413
565
427
433
364
504
334
344
424
421
455
374
395
359
288
461
381
366
414
382
441
468
311
360
375
334
386
419
351
428
429
341
383
228
434
377
216
365
446
367
385
403
440
592
369
435
622
344
399
358
440
404
422
331
412
421
330
426
322
441
476
414
493
373
379
347
482
317
244
505
512
308
470
476
386
432
366
492
226
377
401
301
527
371
353
346
349
350
302
336
337
315
463
385
423
461
563
329
233
304
439
391
544
375
325
279
332
297
320
474
285
277
304
296
412
336
339
295
383
319
390
323
283
402
359
308
467
360
297
258
287
356
352
338
238
355
346
424
367
400
284
179
322
364
264
230
280
267
375
395
435
290
377
225
308
368
352
340
320
369
359
286
395
276
427
138
258
506
376
237
334
367
397
452
321
271
386
491
338
256
656
342
258
270
210
386
483
333
278
351
192
317
165
132
292
371
399
257
167
381
292
409
319
356
196
239
282
191
299
344
381
265
273
450
345
155
279
190
316
361
267
302
215
230
445
226
279
189
176
166
334
75
244
330
247
292
126
232
366
155
284
256
288
350
261
159
390
342
239
255
346
118
231
251
234
190
298
429
326
198
183
277
235
78
239
177
268
243
313
394
304
230
387
415
195
296
137
227
176
210
198
224
308
246
387
262
296
293
267
257
257
278
271
254
213
215
347
223
269
323
214
243
159
291
267
314
268
277
391
232
308
160
316
169
287
159
343
210
325
259
317
169
197
303
168
132
131
258
291
271
289
308
278
325
204
401
224
326
289
206
480
199
200
290
67
255
305
268
192
258
298
242
181
242
181
296
447
150
294
309
276
300
302
326
213
146
173
117
167
293
273
288
374
349
251
206
174
267
232
365
358
309
196
354
262
156
258
200
223
193
289
117
248
128
194
263
361
244
28
218
380
313
191
248
204
266
144
282
235
270
263
249
425
225
179
280
256
121
380
338
151
315
280
195
337
305
269
210
284
270
136
197
248
231
348
192
173
231
113
221
259
120
208
92
259
238
134
96
154
251
287
310
199
344
174
324
321
220
219
160
136
261
232
243
134
194
124
211
218
214
299
176
64
289
341
388
361
305
370
243
357
173
181
222
171
203
30
303
345
306
426
216
296
158
273
369
206
303
253
145
166
269
171
242
289
277
170
227
239
184
238
308
216
237
292
209
93
264
332
84
273
206
300
375
312
424
264
313
303
214
227
106
235
367
270
266
331
364
231
230
326
322
294
184
232
359
289
329
155
161
336
268
333
203
212
218
274
323
203
45
448
332
383
276
307
280
339
326
341
217
275
303
334
343
106
331
363
477
371
205
312
185
288
242
365
380
177
186
181
377
214
317
329
223
333
308
292
333
264
362
456
449
215
323
233
251
420
206
348
255
279
437
300
270
248
226
338
408
338
195
247
334
294
345
355
226
316
359
345
205
354
328
323
324
278
341
299
259
402
179
443
210
182
239
383
338
327
275
389
282
437
403
432
378
260
430
198
285
418
288
362
261
223
393
327
261
389
379
371
275
343
310
368
456
309
348
380
264
352
267
309
378
348
403
401
164
297
531
306
326
470
323
284
369
242
296
493
310
374
473
446
323
390
304
299
335
278
413
325
400
472
342
430
345
180
361
418
422
311
473
476
412
491
318
207
361
461
414
580
462
256
450
531
380
338
420
275
313
218
449
393
378
396
332
492
410
448
429
326
407
311
405
402
249
228
428
520
386
506
445
188
475
484
376
421
414
222
365
366
491
320
406
299
345
359
480
390
351
446
311
446
474
507
405
392
495
450
459
311
464
453
340
402
454
306
433
479
458
333
440
379
424
462
483
426
276
485
361
276
462
398
582
467
564
495
431
497
448
307
438
353
419
439
498
442
427
518
363
471
410
536
457
509
430
426
419
354
513
482
400
514
547
396
531
614
636
632
400
431
532
507
596
289
358
452
396
398
453
477
536
378
446
311
439
365
490
492
479
521
401
331
526
500
420
420
400
582
425
521
466
693
443
398
534
483
368
389
488
429
665
603
501
437
530
542
615
646
708
525
506
484
579
521
497
499
706
460
513
425
538
498
518
645
572
566
631
656
602
473
378
568
381
569
421
454
582
579
451
658
531
638
667
412
562
571
504
497
547
510
558
551
496
633
591
670
643
567
480
522
596
510
600
646
341
651
661
517
591
610
479
716
631
516
641
537
457
594
561
576
466
534
486
450
629
585
653
555
654
526
621
532
630
592
480
585
729
562
733
538
552
444
540
695
574
600
590
527
432
570
453
448
477
600
687
585
520
536
514
586
598
676
544
520
449
557
514
658
479
667
638
570
698
780
589
665
601
660
654
466
640
645
689
621
598
579
627
601
719
730
501
646
754
644
560
691
706
568
614
703
646
663
575
584
709
656
628
609
690
687
765
855
559
738
727
632
612
617
642
708
560
744
659
581
594
663
602
654
851
512
636
468
796
529
742
643
713
662
650
614
637
668
572
697
692
657
596
641
673
669
667
581
757
597
602
754
677
742
752
661
748
725
636
590
707
683
719
615
617
640
715
648
700
758
791
749
656
695
684
694
854
716
535
614
694
582
699
795
686
631
628
736
639
644
655
566
799
770
671
870
711
751
781
669
809
722
633
581
641
597
767
637
713
857
763
772
951
604
731
638
766
604
733
833
795
672
661
562
805
904
724
756
709
630
689
905
618
623
802
851
723
835
733
827
736
738
636
676
764
716
841
675
684
700
705
707
790
764
814
671
663
580
698
771
775
765
642
808
739
673
599
759
639
748
701
797
741
882
780
770
675
696
822
725
764
739
674
707
884
707
635
726
747
674
694
812
714
785
849
829
674
732
697
724
727
791
707
693
574
840
723
808
753
787
936
707
665
689
723
624
797
634
859
724
741
891
727
823
817
716
758
704
797
763
750
881
668
857
811
686
714
882
746
772
776
829
681
826
702
851
834
719
636
718
821
688
599
646
768
818
693
744
783
823
744
640
934
736
718
845
715
709
821
847
809
785
795
837
816
867
677
674
821
664
878
821
779
915
713
817
914
769
754
804
795
664
864
996
735
775
844
712
829
733
877
808
786
714
865
697
894
867
763
769
832
847
679
830
788
862
784
751
824
788
814
717
808
844
691
828
941
833
608
784
707
793
696
775
651
711
746
665
789
742
853
698
798
698
716
844
731
744
831
696
792
691
808
769
673
873
709
810
646
702
825
893
703
830
900
615
613
795
682
615
771
762
834
847
764
758
649
787
799
736
766
830
851
666
751
806
792
765
766
759
733
738
854
758
872
754
652
793
710
904
827
857
719
722
839
673
800
728
809
695
714
803
705
825
617
840
687
631
762
837
785
811
597
828
739
633
821
891
713
711
891
730
858
806
615
745
799
924
664
687
885
757
676
737
750
825
738
795
714
961
697
792
616
781
638
734
676
777
743
969
706
737
597
721
726
811
674
724
878
661
627
726
829
874
806
829
546
850
861
718
845
780
795
788
793
663
753
773
678
910
829
780
816
771
787
753
643
590
644
669
655
808
705
729
824
764
792
747
643
760
682
803
776
619
551
863
690
701
648
882
567
763
686
798
807
894
912
782
623
801
731
697
812
874
756
739
659
624
734
738
754
791
734
827
658
797
661
805
623
579
659
702
647
794
678
805
620
826
687
726
649
610
677
762
667
740
684
738
765
764
550
780
795
636
609
751
750
669
759
648
592
700
770
733
619
924
684
727
650
747
726
681
663
729
547
709
827
678
705
581
759
624
676
630
658
667
629
647
866
724
740
689
676
590
838
522
439
730
767
778
773
563
650
586
823
657
730
738
730
570
694
764
683
746
646
763
750
759
500
443
638
639
698
531
738
744
691
743
692
742
583
655
673
921
723
648
410
752
909
661
687
590
685
791
533
682
784
694
600
667
720
648
564
708
698
751
734
613
656
584
757
450
727
596
712
760
595
707
569
533
641
657
586
711
657
572
666
719
505
589
591
510
682
641
692
664
637
644
654
566
541
655
523
599
586
625
560
595
572
613
749
587
776
499
671
678
636
713
598
518
601
641
531
702
672
537
563
549
571
647
485
648
572
684
556
641
657
779
422
730
628
493
616
721
589
576
631
452
611
551
629
554
704
620
732
424
665
673
563
524
638
510
540
430
535
706
613
458
461
611
552
457
627
492
569
570
539
578
603
475
557
557
596
524
576
459
583
571
616
517
486
528
552
550
642
431
587
447
480
765
529
473
630
558
500
638
356
475
498
412
496
456
548
402
636
620
507
484
536
649
382
443
542
459
639
474
540
547
548
490
464
549
442
435
340
505
475
569
589
485
527
364
509
447
463
422
557
577
540
563
552
522
576
260
319
453
399
377
542
375
402
545
391
361
526
518
567
472
809
376
465
466
530
532
452
417
555
516
537
580
475
474
390
377
498
357
509
385
471
491
532
559
436
473
318
467
347
464
454
379
480
463
395
570
411
441
364
454
372
330
550
322
555
420
431
425
464
357
360
403
463
564
544
414
528
550
449
281
281
546
501
501
352
455
541
475
422
464
354
418
471
444
439
441
490
354
426
423
380
311
284
305
392
487
359
377
459
454
377
337
409
323
237
350
316
358
414
588
423
252
352
469
442
485
445
408
485
442
444
569
418
405
463
410
444
453
416
459
408
413
435
495
305
267
232
304
393
402
215
333
364
463
399
344
345
373
321
376
437
253
301
419
377
237
448
324
377
496
392
378
356
425
320
389
320
378
391
453
348
300
536
348
328
167
412
468
428
300
361
352
350
451
267
339
275
188
300
310
286
589
362
438
232
497
306
396
324
296
234
349
369
380
199
347
290
435
266
358
212
281
295
260
247
252
274
380
395
278
379
421
349
261
489
210
325
358
458
285
386
266
385
455
170
293
225
400
332
516
355
296
360
382
230
287
509
338
343
228
251
188
203
383
360
352
292
191
245
346
185
165
302
309
84
292
498
261
312
210
294
240
323
382
425
133
433
255
327
363
253
373
213
295
310
507
37
289
361
170
228
233
277
223
220
331
345
239
211
326
185
292
350
336
305
283
288
302
330
313
346
362
359
328
320
372
438
311
300
164
276
168
323
260
288
335
216
291
205
260
293
264
339
412
450
211
329
428
337
248
270
213
178
272
162
265
149
454
196
113
285
142
335
257
239
257
215
174
247
210
103
124
283
343
322
224
291
214
275
454
235
215
253
125
167
213
214
201
355
396
142
196
176
154
361
326
168
97
184
122
316
328
303
373
243
373
281
231
272
280
432
320
338
233
299
113
296
289
261
344
313
125
122
175
272
123
336
227
172
217
314
383
197
189
162
431
397
124
168
286
174
228
243
330
132
211
347
264
220
334
254
290
142
263
272
211
186
268
309
149
294
391
291
154
329
157
84
243
302
253
451
357
252
327
211
160
172
269
307
414
221
174
252
175
293
161
199
207
163
199
196
134
146
359
364
123
309
318
295
187
302
416
408
287
247
172
272
319
279
288
445
386
399
93
177
181
180
252
193
177
290
208
238
195
396
178
289
253
266
351
354
283
144
449
230
172
187
253
325
245
140
405
401
298
226
210
220
282
168
288
352
534
275
289
363
219
259
199
198
185
200
202
204
340
174
212
248
264
187
238
182
404
278
191
195
250
156
332
248
326
245
235
215
464
246
362
159
263
228
238
308
310
311
262
255
309
334
256
147
242
280
133
265
195
291
327
257
451
276
290
322
267
324
159
405
236
111
346
257
260
379
293
271
324
356
263
267
311
235
237
317
157
381
359
325
159
200
188
368
259
236
479
154
237
399
282
263
217
218
109
285
454
185
380
260
369
200
250
238
291
252
252
267
222
333
310
227
255
229
148
299
261
249
124
276
287
173
305
282
421
361
262
354
262
283
291
348
368
359
409
289
351
276
286
294
341
263
99
286
461
395
241
315
345
227
395
365
358
434
122
156
216
473
296
199
319
222
290
367
280
464
366
409
301
294
245
272
399
387
396
327
344
305
357
298
236
414
283
374
170
247
300
401
333
392
320
390
489
152
335
189
305
337
193
238
345
310
383
329
428
290
484
380
223
376
343
320
191
259
309
350
397
320
229
356
408
255
392
360
384
290
377
364
286
476
423
476
314
363
378
309
345
404
418
319
336
471
355
328
523
323
446
436
396
370
346
381
546
316
303
296
492
380
290
334
476
346
492
301
233
202
520
303
283
319
418
277
407
404
387
210
447
438
457
308
334
434
409
375
507
453
489
486
454
256
399
425
476
384
423
278
335
264
456
413
353
532
403
339
310
405
264
349
351
416
495
354
429
514
463
381
340
422
279
280
326
403
436
421
542
356
493
389
364
369
408
359
390
493
525
441
435
422
456
482
474
567
551
431
521
479
522
496
553
486
464
441
365
462
319
280
609
466
305
420
393
377
345
353
329
387
467
399
330
459
532
509
474
499
375
478
510
490
356
503
458
318
384
539
579
521
436
490
461
556
397
448
534
562
519
409
441
359
576
398
388
520
461
430
462
446
521
642
529
432
516
549
454
545
572
434
411
388
475
441
534
587
460
406
474
591
573
579
388
457
524
418
445
439
