511
666
633
673
795
744
695
808
803
673
694
720
600
608
732
683
618
708
698
598
676
750
641
619
697
625
575
708
736
644
702
758
657
672
793
736
663
750
748
667
774
885
815
825
922
850
779
868
833
665
642
620
452
416
505
434
361
458
468
397
508
615
534
530
617
544
486
606
621
519
574
631
538
565
697
647
573
650
627
517
590
666
565
554
643
577
526
649
655
534
557
577
445
439
551
499
446
566
605
570
723
876
841
880
1000
946
895
1006
999
867
886
909
786
792
914
862
795
883
870
768
843
915
803
779
854
779
727
857
882
787
843
895
791
804
922
862
786
871
865
781
886
994
920
928
1022
946
872
958
920
749
723
698
526
488
574
499
423
517
524
450
557
661
576
570
654
577
516
633
644
539
590
644
548
572
700
647
570
644
617
504
574
647
542
528
613
544
490
609
613
488
508
525
390
380
489
434
378
495
530
492
642
792
754
789
906
850
795
904
893
758
774
794
669
672
790
736
666
751
735
630
702
771
657
630
703
625
570
698
720
623
676
726
619
629
745
683
604
687
679
592
694
800
725
730
822
744
668
752
712
539
511
483
310
270
354
278
200
292
297
222
328
430
343
335
418
339
277
393
403
296
346
399
302
324
452
397
319
392
365
251
320
392
287
271
356
286
232
350
353
228
248
264
129
118
227
172
116
233
268
230
380
530
492
527
644
588
533
642
632
497
514
534
409
413
532
478
409
494
480
375
448
518
405
378
452
375
322
450
474
378
432
483
378
389
506
445
368
452
446
361
465
572
498
505
599
523
448
534
496
324
299
273
102
64
150
76
0
94
102
28
136
241
157
151
236
160
100
218
231
127
179
235
140
165
295
243
168
243
219
107
179
254
152
139
227
160
108
230
236
113
136
155
23
16
127
76
22
142
181
146
299
452
417
456
576
523
471
583
577
445
465
488
367
373
496
445
379
468
457
356
432
505
395
372
449
375
325
457
484
391
448
503
401
416
536
478
405
492
488
407
514
625
554
564
661
588
517
606
570
402
380
357
189
154
243
172
100
197
207
137
248
355
274
272
359
286
229
350
365
264
320
378
286
314
447
397
325
403
381
272
346
424
324
314
404
339
290
414
422
302
328
349
219
214
327
278
227
349
389
356
511
666
633
673
795
744
695
808
803
673
694
720
600
608
732
683
618
708
698
598
676
750
641
619
697
625
575
708
736
644
702
758
657
672
793
736
663
750
748
667
774
885
815
825
922
850
779
868
833
665
642
620
452
416
505
434
361
458
468
397
508
615
534
530
617
544
486
606
621
519
574
631
538
565
697
647
573
650
627
517
590
666
565
554
643
577
526
649
655
534
557
577
445
439
551
499
446
566
605
570
723
876
841
880
1000
946
895
1006
999
867
886
909
786
792
914
862
795
883
870
768
843
915
803
779
854
779
727
857
882
787
843
895
791
804
922
862
786
871
865
781
886
994
920
928
1022
946
872
958
920
749
723
698
526
488
574
499
423
517
524
450
557
661
576
570
654
577
516
633
644
539
590
644
548
572
700
647
570
644
617
504
574
647
542
528
613
544
490
609
613
488
508
525
390
380
489
434
378
495
530
492
642
792
754
789
906
850
795
904
893
758
774
794
669
672
790
736
666
751
735
630
702
771
657
630
703
625
570
698
720
623
676
726
619
629
745
683
604
687
679
592
694
800
725
730
822
744
668
752
712
539
511
483
310
270
354
278
200
292
297
222
328
430
343
335
418
339
277
393
403
296
346
399
302
324
452
397
319
392
365
251
320
392
287
271
356
286
232
350
353
228
248
264
129
118
227
172
116
233
268
230
380
530
492
527
644
588
533
642
632
497
514
534
409
413
532
478
409
494
480
375
448
518
405
378
452
375
322
450
474
378
432
483
378
389
506
445
368
452
446
361
465
572
498
505
599
523
448
534
496
324
299
273
102
64
150
76
0
94
102
28
136
241
157
151
236
160
100
218
231
127
179
235
140
165
295
243
168
243
219
107
179
254
152
139
227
160
108
230
236
113
136
155
23
16
127
76
22
142
181
146
299
452
417
456
576
523
471
583
577
445
465
488
367
373
496
445
379
468
457
356
432
505
395
372
449
375
325
457
484
391
448
503
401
416
536
478
405
492
488
407
514
625
554
564
661
588
517
606
570
402
380
357
189
154
243
172
100
197
207
137
248
355
274
272
359
286
229
350
365
264
320
378
286
314
447
397
325
403
381
272
346
424
324
314
404
339
290
414
422
302
328
349
219
214
327
278
227
349
389
356
511
666
633
673
795
744
695
808
803
673
694
720
600
608
732
683
618
708
698
598
676
750
641
619
697
625
575
708
736
644
702
758
657
672
793
736
663
750
748
667
774
885
815
825
922
850
779
868
833
665
642
620
452
416
505
434
361
458
468
397
508
615
534
530
617
544
486
606
621
519
574
631
538
565
697
647
573
650
627
517
590
666
565
554
643
577
526
649
655
534
557
577
445
439
551
499
446
566
605
570
723
876
841
880
1000
946
895
1006
999
867
886
909
786
792
914
862
795
883
870
768
843
915
803
779
854
779
727
857
882
787
843
895
791
804
922
862
786
871
865
781
886
994
920
928
1022
946
872
958
920
749
723
698
526
488
574
499
423
517
524
450
557
661
576
570
654
577
516
633
644
539
590
644
548
572
700
647
570
644
617
504
574
647
542
528
613
544
490
609
613
488
508
525
390
380
489
434
378
495
530
492
642
792
754
789
906
850
795
904
893
758
774
794
669
672
790
736
666
751
735
630
702
771
657
630
703
625
570
698
720
623
676
726
619
629
745
683
604
687
679
592
694
800
725
730
822
744
668
752
712
539
511
483
310
270
354
278
200
292
297
222
328
430
343
335
418
339
277
393
403
296
346
399
302
324
452
397
319
392
365
251
320
392
287
271
356
286
232
350
353
228
248
264
129
118
227
172
116
233
268
230
380
530
492
527
644
588
533
642
632
497
514
534
409
413
532
478
409
494
480
375
448
518
405
378
452
375
322
450
474
378
432
483
378
389
506
445
368
452
446
361
465
572
498
505
599
523
448
534
496
324
299
273
102
64
150
76
0
94
102
28
136
241
157
151
236
160
100
218
231
127
179
235
140
165
295
243
168
243
219
107
179
254
152
139
227
160
108
230
236
113
136
155
23
16
127
76
22
142
181
146
299
452
417
456
576
523
471
583
577
445
465
488
367
373
496
445
379
468
457
356
432
505
395
372
449
375
325
457
484
391
448
503
401
416
536
478
405
492
488
407
514
625
554
564
661
588
517
606
570
402
380
357
189
154
243
172
100
197
207
137
248
355
274
272
359
286
229
350
365
264
320
378
286
314
447
397
325
403
381
272
346
424
324
314
404
339
290
414
422
302
328
349
219
214
327
278
227
349
389
356
